.i 10
.o 1
.ilb a0 a1 a2 a3 a4 a5 b0 b1 p0 p1
.ob F
00000000001
00001100011
00001111011
00000100011
00000101011
00110000011
00110011011
00111111001
00110111011
00110101011
00010000011
00010001011
00011111011
00011101011
00010101001
11000000011
11000011111
11000001111
11001100011
11001111011
11000100011
11000101011
11110000011
11110011011
11111111001
11110100001
11010000011
11010001011
11011100001
11010101001
01000000011
01000011111
01000001111
01001100011
01001111011
01000100011
01000101011
01110000011
01110011011
01111111001
01110100001
01010000011
01010001011
01011100001
01010101001
.e