.i 11
.o 1
.ilb a0 a1 a2 a3 a4 a5 a6 a7 b0 b1 p0
.ob F
000000000001
000000111111
000000110111
000000011111
000000010111
000011001111
000011000111
000011110001
000011010001
000001001111
000001000111
000001110001
000001010001
001100001111
001100000111
001100110001
001100010001
001111000001
001111111111
001111110111
001111011111
001111010111
001101000001
001101111111
001101110111
001101011111
001101010111
000100001111
000100000111
000100110001
000100010001
000111000001
000111111111
000111110111
000111011111
000111010111
000101000001
000101111111
000101110111
000101011111
000101010111
110000001111
110000000111
110000110001
110000010001
110011000001
110011111111
110011110111
110011011111
110011010111
110001000001
110001111111
110001110111
110001011111
110001010111
111100000001
111100111111
111100110111
111100011111
111100010111
111111001111
111111000111
111111110001
111111010001
111101001111
111101000111
111101110001
111101010001
110100000001
110100111111
110100110111
110100011111
110100010111
110111001111
110111000111
110111110001
110111010001
110101001111
110101000111
110101110001
110101010001
010000001111
010000000111
010000110001
010000010001
010011000001
010011111111
010011110111
010011011111
010011010111
010001000001
010001111111
010001110111
010001011111
010001010111
011100000001
011100111111
011100110111
011100011111
011100010111
011111001111
011111000111
011111110001
011111010001
011101001111
011101000111
011101110001
011101010001
010100000001
010100111111
010100110111
010100011111
010100010111
010111001111
010111000111
010111110001
010111010001
010101001111
010101000111
010101110001
010101010001
.e