.i 16
.o 1
.ilb a0 a1 a2 a3 a4 a5 a6 a7 b0 b1 b2 b3 b4 b5 b6 b7
.ob F
00000000000000001
00000001000000101
00000001000000011
00000001010000001
00000001000001001
00000001000100001
00000001100000001
00000001001000001
00000001000010001
00000010000000101
00000010000000011
00000010010000001
00000010000001001
00000010000100001
00000010100000001
00000010001000001
00000010000010001
00000011000000101
00000011000000011
00000011010000001
00000011000001001
00000011000100001
00000011100000001
00000011001000001
00000011000010001
00000100000000101
00000100000000011
00000100010000001
00000100000001001
00000100000100001
00000100100000001
00000100001000001
00000100000010001
00000101000000101
00000101000000011
00000101010000001
00000101000001001
00000101000100001
00000101100000001
00000101001000001
00000101000010001
00000110000000101
00000110000000011
00000110010000001
00000110000001001
00000110000100001
00000110100000001
00000110001000001
00000110000010001
00000111000000101
00000111000000011
00000111010000001
00000111000001001
00000111000100001
00000111100000001
00000111001000001
00000111000010001
00001000000000101
00001000000000011
00001000010000001
00001000000001001
00001000000100001
00001000100000001
00001000001000001
00001000000010001
00001001000000101
00001001000000011
00001001010000001
00001001000001001
00001001000100001
00001001100000001
00001001001000001
00001001000010001
00001010000000101
00001010000000011
00001010010000001
00001010000001001
00001010000100001
00001010100000001
00001010001000001
00001010000010001
00001011000000101
00001011000000011
00001011010000001
00001011000001001
00001011000100001
00001011100000001
00001011001000001
00001011000010001
00001100000000101
00001100000000011
00001100010000001
00001100000001001
00001100000100001
00001100100000001
00001100001000001
00001100000010001
00001101000000101
00001101000000011
00001101010000001
00001101000001001
00001101000100001
00001101100000001
00001101001000001
00001101000010001
00001110000000101
00001110000000011
00001110010000001
00001110000001001
00001110000100001
00001110100000001
00001110001000001
00001110000010001
00001111000000101
00001111000000011
00001111010000001
00001111000001001
00001111000100001
00001111100000001
00001111001000001
00001111000010001
00010000000000101
00010000000000011
00010000010000001
00010000000001001
00010000000100001
00010000100000001
00010000001000001
00010000000010001
00010001000000101
00010001000000011
00010001010000001
00010001000001001
00010001000100001
00010001100000001
00010001001000001
00010001000010001
00010010000000101
00010010000000011
00010010010000001
00010010000001001
00010010000100001
00010010100000001
00010010001000001
00010010000010001
00010011000000101
00010011000000011
00010011010000001
00010011000001001
00010011000100001
00010011100000001
00010011001000001
00010011000010001
00010100000000101
00010100000000011
00010100010000001
00010100000001001
00010100000100001
00010100100000001
00010100001000001
00010100000010001
00010101000000101
00010101000000011
00010101010000001
00010101000001001
00010101000100001
00010101100000001
00010101001000001
00010101000010001
00010110000000101
00010110000000011
00010110010000001
00010110000001001
00010110000100001
00010110100000001
00010110001000001
00010110000010001
00010111000000101
00010111000000011
00010111010000001
00010111000001001
00010111000100001
00010111100000001
00010111001000001
00010111000010001
00011000000000101
00011000000000011
00011000010000001
00011000000001001
00011000000100001
00011000100000001
00011000001000001
00011000000010001
00011001000000101
00011001000000011
00011001010000001
00011001000001001
00011001000100001
00011001100000001
00011001001000001
00011001000010001
00011010000000101
00011010000000011
00011010010000001
00011010000001001
00011010000100001
00011010100000001
00011010001000001
00011010000010001
00011011000000101
00011011000000011
00011011010000001
00011011000001001
00011011000100001
00011011100000001
00011011001000001
00011011000010001
00011100000000101
00011100000000011
00011100010000001
00011100000001001
00011100000100001
00011100100000001
00011100001000001
00011100000010001
00011101000000101
00011101000000011
00011101010000001
00011101000001001
00011101000100001
00011101100000001
00011101001000001
00011101000010001
00011110000000101
00011110000000011
00011110010000001
00011110000001001
00011110000100001
00011110100000001
00011110001000001
00011110000010001
00011111000000101
00011111000000011
00011111010000001
00011111000001001
00011111000100001
00011111100000001
00011111001000001
00011111000010001
00100000000000101
00100000000000011
00100000010000001
00100000000001001
00100000000100001
00100000100000001
00100000001000001
00100000000010001
00100001000000101
00100001000000011
00100001010000001
00100001000001001
00100001000100001
00100001100000001
00100001001000001
00100001000010001
00100010000000101
00100010000000011
00100010010000001
00100010000001001
00100010000100001
00100010100000001
00100010001000001
00100010000010001
00100011000000101
00100011000000011
00100011010000001
00100011000001001
00100011000100001
00100011100000001
00100011001000001
00100011000010001
00100100000000101
00100100000000011
00100100010000001
00100100000001001
00100100000100001
00100100100000001
00100100001000001
00100100000010001
00100101000000101
00100101000000011
00100101010000001
00100101000001001
00100101000100001
00100101100000001
00100101001000001
00100101000010001
00100110000000101
00100110000000011
00100110010000001
00100110000001001
00100110000100001
00100110100000001
00100110001000001
00100110000010001
00100111000000101
00100111000000011
00100111010000001
00100111000001001
00100111000100001
00100111100000001
00100111001000001
00100111000010001
00101000000000101
00101000000000011
00101000010000001
00101000000001001
00101000000100001
00101000100000001
00101000001000001
00101000000010001
00101001000000101
00101001000000011
00101001010000001
00101001000001001
00101001000100001
00101001100000001
00101001001000001
00101001000010001
00101010000000101
00101010000000011
00101010010000001
00101010000001001
00101010000100001
00101010100000001
00101010001000001
00101010000010001
00101011000000101
00101011000000011
00101011010000001
00101011000001001
00101011000100001
00101011100000001
00101011001000001
00101011000010001
00101100000000101
00101100000000011
00101100010000001
00101100000001001
00101100000100001
00101100100000001
00101100001000001
00101100000010001
00101101000000101
00101101000000011
00101101010000001
00101101000001001
00101101000100001
00101101100000001
00101101001000001
00101101000010001
00101110000000101
00101110000000011
00101110010000001
00101110000001001
00101110000100001
00101110100000001
00101110001000001
00101110000010001
00101111000000101
00101111000000011
00101111010000001
00101111000001001
00101111000100001
00101111001000001
00101111000010001
00110000000000101
00110000000000011
00110000010000001
00110000000001001
00110000000100001
00110000100000001
00110000001000001
00110000000010001
00110001000000101
00110001000000011
00110001010000001
00110001000001001
00110001000100001
00110001100000001
00110001001000001
00110001000010001
00110010000000101
00110010000000011
00110010010000001
00110010000001001
00110010000100001
00110010100000001
00110010001000001
00110010000010001
00110011000000101
00110011000000011
00110011010000001
00110011000001001
00110011000100001
00110011100000001
00110011001000001
00110011000010001
00110100000000101
00110100000000011
00110100010000001
00110100000001001
00110100000100001
00110100100000001
00110100001000001
00110100000010001
00110101000000101
00110101000000011
00110101010000001
00110101000001001
00110101000100001
00110101100000001
00110101001000001
00110101000010001
00110110000000101
00110110000000011
00110110010000001
00110110000001001
00110110000100001
00110110100000001
00110110001000001
00110110000010001
00110111000000101
00110111000000011
00110111010000001
00110111000001001
00110111000100001
00110111100000001
00110111001000001
00110111000010001
00111000000000101
00111000000000011
00111000010000001
00111000000001001
00111000000100001
00111000100000001
00111000001000001
00111000000010001
00111001000000101
00111001000000011
00111001010000001
00111001000001001
00111001000100001
00111001100000001
00111001001000001
00111001000010001
00111010000000101
00111010000000011
00111010010000001
00111010000001001
00111010000100001
00111010100000001
00111010001000001
00111010000010001
00111011000000101
00111011010000001
00111011000001001
00111011000100001
00111011100000001
00111011001000001
00111011000010001
00111100000000101
00111100000000011
00111100010000001
00111100000001001
00111100000100001
00111100100000001
00111100001000001
00111100000010001
00111101000000101
00111101000000011
00111101010000001
00111101000001001
00111101000100001
00111101100000001
00111101001000001
00111101000010001
00111110100000011
00111110000000101
00111110010000001
00111110000001001
00111110000100001
00111110001000001
00111110000010001
00111111100000011
00111111010000101
00111111010000011
00111111100000101
00111111000001001
00111111000100001
00111111001000001
00111111000000111
00111111000010001
01000000000000101
01000000000000011
01000000010000001
01000000000001001
01000000000100001
01000000100000001
01000000001000001
01000000000010001
01000001000000101
01000001000000011
01000001010000001
01000001000001001
01000001000100001
01000001100000001
01000001001000001
01000001000010001
01000010000000101
01000010000000011
01000010010000001
01000010000001001
01000010000100001
01000010100000001
01000010001000001
01000010000010001
01000011000000101
01000011000000011
01000011010000001
01000011000001001
01000011000100001
01000011100000001
01000011001000001
01000011000010001
01000100000000101
01000100000000011
01000100010000001
01000100000001001
01000100000100001
01000100100000001
01000100001000001
01000100000010001
01000101000000101
01000101000000011
01000101010000001
01000101000001001
01000101000100001
01000101100000001
01000101001000001
01000101000010001
01000110000000101
01000110000000011
01000110010000001
01000110000001001
01000110000100001
01000110100000001
01000110001000001
01000110000010001
01000111000000101
01000111000000011
01000111010000001
01000111000001001
01000111000100001
01000111100000001
01000111001000001
01000111000010001
01001000000000101
01001000000000011
01001000010000001
01001000000001001
01001000000100001
01001000100000001
01001000001000001
01001000000010001
01001001000000101
01001001000000011
01001001010000001
01001001000001001
01001001000100001
01001001100000001
01001001001000001
01001001000010001
01001010000000101
01001010000000011
01001010010000001
01001010000001001
01001010000100001
01001010100000001
01001010001000001
01001010000010001
01001011000000101
01001011000000011
01001011010000001
01001011000001001
01001011000100001
01001011100000001
01001011001000001
01001011000010001
01001100000000101
01001100000000011
01001100010000001
01001100000001001
01001100000100001
01001100100000001
01001100001000001
01001100000010001
01001101000000101
01001101000000011
01001101010000001
01001101000001001
01001101000100001
01001101100000001
01001101001000001
01001101000010001
01001110000000101
01001110000000011
01001110010000001
01001110000001001
01001110000100001
01001110100000001
01001110001000001
01001110000010001
01001111000000101
01001111000000011
01001111010000001
01001111000001001
01001111000100001
01001111100000001
01001111001000001
01001111000010001
01010000000000101
01010000000000011
01010000010000001
01010000000001001
01010000000100001
01010000100000001
01010000001000001
01010000000010001
01010001000000101
01010001000000011
01010001010000001
01010001000001001
01010001000100001
01010001100000001
01010001001000001
01010001000010001
01010010000000101
01010010000000011
01010010010000001
01010010000001001
01010010000100001
01010010100000001
01010010001000001
01010010000010001
01010011000000101
01010011000000011
01010011010000001
01010011000001001
01010011000100001
01010011100000001
01010011001000001
01010011000010001
01010100000000101
01010100000000011
01010100010000001
01010100000001001
01010100000100001
01010100100000001
01010100001000001
01010100000010001
01010101000000101
01010101000000011
01010101010000001
01010101000001001
01010101000100001
01010101100000001
01010101001000001
01010101000010001
01010110000000101
01010110000000011
01010110010000001
01010110000001001
01010110000100001
01010110100000001
01010110001000001
01010110000010001
01010111000000101
01010111000000011
01010111010000001
01010111000001001
01010111000100001
01010111100000001
01010111001000001
01010111000010001
01011000000000101
01011000000000011
01011000010000001
01011000000001001
01011000000100001
01011000100000001
01011000001000001
01011000000010001
01011001000000101
01011001000000011
01011001010000001
01011001000001001
01011001000100001
01011001100000001
01011001001000001
01011001000010001
01011010000000101
01011010000000011
01011010010000001
01011010000001001
01011010000100001
01011010100000001
01011010001000001
01011010000010001
01011011000000101
01011011000000011
01011011010000001
01011011000001001
01011011000100001
01011011100000001
01011011000010001
01011100000000101
01011100000000011
01011100010000001
01011100000001001
01011100000100001
01011100100000001
01011100001000001
01011100000010001
01011101000000101
01011101000000011
01011101000001001
01011101000100001
01011101100000001
01011101001000001
01011101000010001
01011110000000101
01011110000000011
01011110000001001
01011110000100001
01011110110000001
01011110001000001
01011110000010001
01011111000000101
01011111000000011
01011111000001001
01011111000100001
01011111110000001
01011111011000001
01011111000010001
01100000000000101
01100000000000011
01100000010000001
01100000000001001
01100000000100001
01100000100000001
01100000001000001
01100000000010001
01100001000000101
01100001000000011
01100001010000001
01100001000001001
01100001000100001
01100001100000001
01100001001000001
01100001000010001
01100010000000101
01100010000000011
01100010010000001
01100010000001001
01100010000100001
01100010100000001
01100010001000001
01100010000010001
01100011000000101
01100011000000011
01100011010000001
01100011000001001
01100011000100001
01100011100000001
01100011001000001
01100011000010001
01100100000000101
01100100000000011
01100100010000001
01100100000001001
01100100000100001
01100100100000001
01100100001000001
01100100000010001
01100101000000101
01100101000000011
01100101010000001
01100101000001001
01100101000100001
01100101100000001
01100101001000001
01100101000010001
01100110000000101
01100110000000011
01100110010000001
01100110000001001
01100110000100001
01100110100000001
01100110001000001
01100110000010001
01100111000000101
01100111000000011
01100111010000001
01100111000001001
01100111000100001
01100111001000001
01100111000010001
01101000000000101
01101000000000011
01101000010000001
01101000000001001
01101000000100001
01101000100000001
01101000001000001
01101000000010001
01101001000000101
01101001000000011
01101001010000001
01101001000001001
01101001000100001
01101001100000001
01101001001000001
01101001000010001
01101010000000101
01101010000000011
01101010010000001
01101010000001001
01101010000100001
01101010100000001
01101010001000001
01101010000010001
01101011000000101
01101011000000011
01101011010000001
01101011000001001
01101011000100001
01101011100000001
01101011001000001
01101011000010001
01101100000000101
01101100000000011
01101100010000001
01101100000001001
01101100000100001
01101100100000001
01101100001000001
01101100000010001
01101101000000101
01101101000000011
01101101010000001
01101101000001001
01101101000100001
01101101100000001
01101101001000001
01101101000010001
01101110000000101
01101110000000011
01101110010000001
01101110000001001
01101110000100001
01101110100000001
01101110001000001
01101110000010001
01101111100000011
01101111000000101
01101111010000001
01101111000001001
01101111000100001
01101111001000001
01101111000010001
01110000000000101
01110000000000011
01110000010000001
01110000000001001
01110000000100001
01110000100000001
01110000001000001
01110000000010001
01110001000000101
01110001000000011
01110001010000001
01110001000001001
01110001000100001
01110001100000001
01110001001000001
01110001000010001
01110010000000101
01110010000000011
01110010010000001
01110010000001001
01110010000100001
01110010100000001
01110010001000001
01110010000010001
01110011000000101
01110011000000011
01110011010000001
01110011000001001
01110011000100001
01110011100000001
01110011001000001
01110011000010001
01110100000000101
01110100000000011
01110100010000001
01110100000001001
01110100000100001
01110100100000001
01110100001000001
01110100000010001
01110101000000101
01110101000000011
01110101010000001
01110101000001001
01110101000100001
01110101100000001
01110101001000001
01110101000010001
01110110000000101
01110110000000011
01110110010000001
01110110000001001
01110110000100001
01110110100000001
01110110001000001
01110110000010001
01110111000000101
01110111000000011
01110111010000001
01110111000001001
01110111000100001
01110111001000001
01110111000010001
01111000000000101
01111000000000011
01111000010000001
01111000000001001
01111000000100001
01111000100000001
01111000001000001
01111000000010001
01111001000000101
01111001000000011
01111001010000001
01111001000001001
01111001000100001
01111001100000001
01111001001000001
01111001000010001
01111010000000101
01111010000000011
01111010010000001
01111010000001001
01111010000100001
01111010100000001
01111010001000001
01111010000010001
01111011000000101
01111011010000001
01111011000001001
01111011000100001
01111011100000001
01111011000010001
01111100000000101
01111100000000011
01111100000001001
01111100000100001
01111100100000001
01111100001000001
01111100000010001
01111101000000101
01111101000000011
01111101000001001
01111101000100001
01111101100000001
01111101000010001
01111110100000011
01111110001000011
01111110000000101
01111110010000011
01111110000001001
01111110000100001
01111110000010001
01111110111000001
01111111000100011
01111111100000011
01111111100100001
01111111000100101
01111111010000011
01111111010001001
01111111001000101
01111111100001001
01111111001100001
01111111000000111
01111111000010001
01111111111000001
10000000000000101
10000000000000011
10000000010000001
10000000000001001
10000000000100001
10000000100000001
10000000001000001
10000000000010001
10000001000000101
10000001000000011
10000001010000001
10000001000001001
10000001000100001
10000001100000001
10000001001000001
10000001000010001
10000010000000101
10000010000000011
10000010010000001
10000010000001001
10000010000100001
10000010100000001
10000010001000001
10000010000010001
10000011000000101
10000011000000011
10000011010000001
10000011000001001
10000011000100001
10000011100000001
10000011001000001
10000011000010001
10000100000000101
10000100000000011
10000100010000001
10000100000001001
10000100000100001
10000100100000001
10000100001000001
10000100000010001
10000101000000101
10000101000000011
10000101010000001
10000101000001001
10000101000100001
10000101100000001
10000101001000001
10000101000010001
10000110000000101
10000110000000011
10000110010000001
10000110000001001
10000110000100001
10000110100000001
10000110001000001
10000110000010001
10000111000000101
10000111000000011
10000111010000001
10000111000001001
10000111000100001
10000111100000001
10000111001000001
10000111000010001
10001000000000101
10001000000000011
10001000010000001
10001000000001001
10001000000100001
10001000100000001
10001000001000001
10001000000010001
10001001000000101
10001001000000011
10001001010000001
10001001000001001
10001001000100001
10001001100000001
10001001001000001
10001001000010001
10001010000000101
10001010000000011
10001010010000001
10001010000001001
10001010000100001
10001010100000001
10001010001000001
10001010000010001
10001011000000101
10001011000000011
10001011010000001
10001011000001001
10001011000100001
10001011100000001
10001011001000001
10001011000010001
10001100000000101
10001100000000011
10001100010000001
10001100000001001
10001100000100001
10001100100000001
10001100001000001
10001100000010001
10001101000000101
10001101000000011
10001101010000001
10001101000001001
10001101000100001
10001101100000001
10001101001000001
10001101000010001
10001110000000101
10001110000000011
10001110010000001
10001110000001001
10001110000100001
10001110100000001
10001110001000001
10001110000010001
10001111000000101
10001111000000011
10001111010000001
10001111000001001
10001111000100001
10001111100000001
10001111001000001
10001111000010001
10010000000000101
10010000000000011
10010000010000001
10010000000001001
10010000000100001
10010000100000001
10010000001000001
10010000000010001
10010001000000101
10010001000000011
10010001010000001
10010001000001001
10010001000100001
10010001100000001
10010001001000001
10010001000010001
10010010000000101
10010010000000011
10010010010000001
10010010000001001
10010010000100001
10010010100000001
10010010001000001
10010010000010001
10010011000000101
10010011000000011
10010011010000001
10010011000001001
10010011000100001
10010011100000001
10010011001000001
10010011000010001
10010100000000101
10010100000000011
10010100010000001
10010100000001001
10010100000100001
10010100100000001
10010100001000001
10010100000010001
10010101000000101
10010101000000011
10010101010000001
10010101000001001
10010101000100001
10010101100000001
10010101001000001
10010101000010001
10010110000000101
10010110000000011
10010110010000001
10010110000001001
10010110000100001
10010110100000001
10010110001000001
10010110000010001
10010111000000101
10010111000000011
10010111010000001
10010111000001001
10010111000100001
10010111100000001
10010111001000001
10010111000010001
10011000000000101
10011000000000011
10011000010000001
10011000000001001
10011000000100001
10011000100000001
10011000001000001
10011000000010001
10011001000000101
10011001000000011
10011001010000001
10011001000001001
10011001000100001
10011001100000001
10011001001000001
10011001000010001
10011010000000101
10011010000000011
10011010010000001
10011010000001001
10011010000100001
10011010100000001
10011010001000001
10011010000010001
10011011000000101
10011011000000011
10011011010000001
10011011000001001
10011011000100001
10011011100000001
10011011000010001
10011100000000101
10011100000000011
10011100010000001
10011100000001001
10011100000100001
10011100100000001
10011100001000001
10011100000010001
10011101000000101
10011101000000011
10011101010000001
10011101000001001
10011101000100001
10011101100000001
10011101001000001
10011101000010001
10011110000000101
10011110000000011
10011110010000001
10011110000001001
10011110000100001
10011110001000001
10011110000010001
10011111000000101
10011111000000011
10011111010000001
10011111000001001
10011111101000001
10011111000100001
10011111000010001
10100000000000101
10100000000000011
10100000010000001
10100000000001001
10100000000100001
10100000100000001
10100000001000001
10100000000010001
10100001000000101
10100001000000011
10100001010000001
10100001000001001
10100001000100001
10100001100000001
10100001001000001
10100001000010001
10100010000000101
10100010000000011
10100010010000001
10100010000001001
10100010000100001
10100010100000001
10100010001000001
10100010000010001
10100011000000101
10100011000000011
10100011010000001
10100011000001001
10100011000100001
10100011100000001
10100011001000001
10100011000010001
10100100000000101
10100100000000011
10100100010000001
10100100000001001
10100100000100001
10100100100000001
10100100001000001
10100100000010001
10100101000000101
10100101000000011
10100101010000001
10100101000001001
10100101000100001
10100101100000001
10100101001000001
10100101000010001
10100110000000101
10100110000000011
10100110010000001
10100110000001001
10100110000100001
10100110100000001
10100110001000001
10100110000010001
10100111000000101
10100111000000011
10100111010000001
10100111000001001
10100111000100001
10100111100000001
10100111001000001
10100111000010001
10101000000000101
10101000000000011
10101000010000001
10101000000001001
10101000000100001
10101000100000001
10101000001000001
10101000000010001
10101001000000101
10101001000000011
10101001010000001
10101001000001001
10101001000100001
10101001100000001
10101001001000001
10101001000010001
10101010000000101
10101010000000011
10101010010000001
10101010000001001
10101010000100001
10101010100000001
10101010001000001
10101010000010001
10101011000000101
10101011000000011
10101011010000001
10101011000001001
10101011000100001
10101011100000001
10101011001000001
10101011000010001
10101100000000101
10101100000000011
10101100010000001
10101100000001001
10101100000100001
10101100100000001
10101100001000001
10101100000010001
10101101000000101
10101101000000011
10101101000001001
10101101000100001
10101101100000001
10101101001000001
10101101000010001
10101110000000101
10101110000000011
10101110010000001
10101110000001001
10101110000100001
10101110001000001
10101110000010001
10101111000000101
10101111000000011
10101111000001001
10101111000100001
10101111110000001
10101111001000001
10101111000010001
10110000000000101
10110000000000011
10110000010000001
10110000000001001
10110000000100001
10110000100000001
10110000001000001
10110000000010001
10110001000000101
10110001000000011
10110001010000001
10110001000001001
10110001000100001
10110001100000001
10110001001000001
10110001000010001
10110010000000101
10110010000000011
10110010010000001
10110010000001001
10110010000100001
10110010100000001
10110010001000001
10110010000010001
10110011000000101
10110011000000011
10110011010000001
10110011000001001
10110011000100001
10110011100000001
10110011001000001
10110011000010001
10110100000000101
10110100000000011
10110100010000001
10110100000001001
10110100000100001
10110100100000001
10110100001000001
10110100000010001
10110101000000101
10110101000000011
10110101010000001
10110101000001001
10110101000100001
10110101100000001
10110101001000001
10110101000010001
10110110000000101
10110110000000011
10110110010000001
10110110000001001
10110110000100001
10110110100000001
10110110001000001
10110110000010001
10110111000000101
10110111000000011
10110111010000001
10110111000001001
10110111000100001
10110111100000001
10110111001000001
10110111000010001
10111000000000101
10111000000000011
10111000010000001
10111000000001001
10111000000100001
10111000100000001
10111000001000001
10111000000010001
10111001000000101
10111001000000011
10111001010000001
10111001000001001
10111001000100001
10111001100000001
10111001001000001
10111001000010001
10111010000000101
10111010000000011
10111010010000001
10111010000001001
10111010000100001
10111010100000001
10111010000010001
10111011001000011
10111011000000101
10111011010000001
10111011000001001
10111011000100001
10111011100000001
10111011000010001
10111100000000101
10111100000000011
10111100000001001
10111100000100001
10111100100000001
10111100011000001
10111100000010001
10111101000000101
10111101000000011
10111101000001001
10111101000100001
10111101100000001
10111101011000001
10111101000010001
10111110100000011
10111110001000011
10111110010000011
10111110100000101
10111110001000101
10111110000001001
10111110000100001
10111110011000001
10111110000000111
10111110000010001
10111111110000011
10111111100001011
10111111001000011
10111111100010001
10111111000001101
10111111000011001
10111111010001001
10111111100000101
10111111001010001
10111111001000101
10111111000010101
10111111000100001
10111111011000001
10111111000000111
10111111001001001
11000000000000101
11000000000000011
11000000010000001
11000000000001001
11000000000100001
11000000100000001
11000000001000001
11000000000010001
11000001000000101
11000001000000011
11000001010000001
11000001000001001
11000001000100001
11000001100000001
11000001001000001
11000001000010001
11000010000000101
11000010000000011
11000010010000001
11000010000001001
11000010000100001
11000010100000001
11000010001000001
11000010000010001
11000011000000101
11000011000000011
11000011010000001
11000011000001001
11000011000100001
11000011100000001
11000011001000001
11000011000010001
11000100000000101
11000100000000011
11000100010000001
11000100000001001
11000100000100001
11000100100000001
11000100001000001
11000100000010001
11000101000000101
11000101000000011
11000101010000001
11000101000001001
11000101000100001
11000101100000001
11000101001000001
11000101000010001
11000110000000101
11000110000000011
11000110010000001
11000110000001001
11000110000100001
11000110100000001
11000110001000001
11000110000010001
11000111000000101
11000111000000011
11000111010000001
11000111000001001
11000111000100001
11000111100000001
11000111001000001
11000111000010001
11001000000000101
11001000000000011
11001000010000001
11001000000001001
11001000000100001
11001000100000001
11001000001000001
11001000000010001
11001001000000101
11001001000000011
11001001010000001
11001001000001001
11001001000100001
11001001100000001
11001001001000001
11001001000010001
11001010000000101
11001010000000011
11001010010000001
11001010000001001
11001010000100001
11001010100000001
11001010001000001
11001010000010001
11001011000000101
11001011000000011
11001011010000001
11001011000001001
11001011000100001
11001011100000001
11001011001000001
11001011000010001
11001100000000101
11001100000000011
11001100010000001
11001100000001001
11001100000100001
11001100100000001
11001100001000001
11001100000010001
11001101000000101
11001101000000011
11001101000001001
11001101000100001
11001101100000001
11001101001000001
11001101000010001
11001110000000101
11001110000000011
11001110000001001
11001110000100001
11001110100000001
11001110001000001
11001110000010001
11001111000000101
11001111000000011
11001111000001001
11001111000100001
11001111100000001
11001111001000001
11001111000010001
11010000000000101
11010000000000011
11010000010000001
11010000000001001
11010000000100001
11010000100000001
11010000001000001
11010000000010001
11010001000000101
11010001000000011
11010001010000001
11010001000001001
11010001000100001
11010001100000001
11010001001000001
11010001000010001
11010010000000101
11010010000000011
11010010010000001
11010010000001001
11010010000100001
11010010100000001
11010010001000001
11010010000010001
11010011000000101
11010011000000011
11010011010000001
11010011000001001
11010011000100001
11010011100000001
11010011001000001
11010011000010001
11010100000000101
11010100000000011
11010100010000001
11010100000001001
11010100000100001
11010100100000001
11010100001000001
11010100000010001
11010101000000101
11010101000000011
11010101010000001
11010101000001001
11010101000100001
11010101100000001
11010101001000001
11010101000010001
11010110000000101
11010110000000011
11010110010000001
11010110000001001
11010110000100001
11010110100000001
11010110001000001
11010110000010001
11010111000000101
11010111000000011
11010111010000001
11010111000001001
11010111000100001
11010111001000001
11010111000010001
11011000000000101
11011000000000011
11011000010000001
11011000000001001
11011000000100001
11011000100000001
11011000001000001
11011000000010001
11011001000000101
11011001000000011
11011001010000001
11011001000001001
11011001000100001
11011001100000001
11011001001000001
11011001000010001
11011010000000101
11011010000000011
11011010010000001
11011010000001001
11011010000100001
11011010100000001
11011010001000001
11011010000010001
11011011000000101
11011011000000011
11011011010000001
11011011000001001
11011011000100001
11011011100000001
11011011000010001
11011100000000101
11011100000000011
11011100010000001
11011100000001001
11011100000100001
11011100100000001
11011100001000001
11011100000010001
11011101000000101
11011101000000011
11011101000001001
11011101000100001
11011101100000001
11011101001000001
11011101000010001
11011110000000101
11011110000000011
11011110000001001
11011110000100001
11011110110000001
11011110001000001
11011110000010001
11011111100010001
11011111000000101
11011111000000011
11011111000001001
11011111000100001
11011111110000001
11011111010010001
11100000000000101
11100000000000011
11100000010000001
11100000000001001
11100000000100001
11100000100000001
11100000001000001
11100000000010001
11100001000000101
11100001000000011
11100001010000001
11100001000001001
11100001000100001
11100001100000001
11100001001000001
11100001000010001
11100010000000101
11100010000000011
11100010010000001
11100010000001001
11100010000100001
11100010100000001
11100010001000001
11100010000010001
11100011000000101
11100011000000011
11100011010000001
11100011000001001
11100011000100001
11100011100000001
11100011001000001
11100011000010001
11100100000000101
11100100000000011
11100100010000001
11100100000001001
11100100000100001
11100100100000001
11100100001000001
11100100000010001
11100101000000101
11100101000000011
11100101010000001
11100101000001001
11100101000100001
11100101100000001
11100101001000001
11100101000010001
11100110000000101
11100110000000011
11100110010000001
11100110000001001
11100110000100001
11100110100000001
11100110001000001
11100110000010001
11100111100100001
11100111000000101
11100111000000011
11100111010000001
11100111000001001
11100111001000001
11100111000010001
11101000000000101
11101000000000011
11101000010000001
11101000000001001
11101000000100001
11101000100000001
11101000001000001
11101000000010001
11101001000000101
11101001000000011
11101001010000001
11101001000001001
11101001000100001
11101001100000001
11101001001000001
11101001000010001
11101010000000101
11101010000000011
11101010010000001
11101010000001001
11101010000100001
11101010100000001
11101010001000001
11101010000010001
11101011000100011
11101011000000101
11101011010000001
11101011000001001
11101011100000001
11101011001000001
11101011000010001
11101100000000101
11101100000000011
11101100010000001
11101100000001001
11101100000100001
11101100100000001
11101100001000001
11101100000010001
11101101000000101
11101101000000011
11101101000001001
11101101000100001
11101101100000001
11101101001000001
11101101000010001
11101110100000011
11101110000000101
11101110010000011
11101110000001001
11101110000100001
11101110001000001
11101110000010001
11101111100000011
11101111100100001
11101111010100011
11101111000000101
11101111000001001
11101111001000001
11101111000010001
11110000000000101
11110000000000011
11110000010000001
11110000000001001
11110000000100001
11110000100000001
11110000001000001
11110000000010001
11110001000000101
11110001000000011
11110001010000001
11110001000001001
11110001000100001
11110001100000001
11110001001000001
11110001000010001
11110010000000101
11110010000000011
11110010010000001
11110010000001001
11110010000100001
11110010100000001
11110010001000001
11110010000010001
11110011000000101
11110011000000011
11110011010000001
11110011000001001
11110011100000001
11110011001000001
11110011000010001
11110100000000101
11110100000000011
11110100010000001
11110100000001001
11110100000100001
11110100100000001
11110100001000001
11110100000010001
11110101000000101
11110101000000011
11110101010000001
11110101000001001
11110101000100001
11110101100000001
11110101001000001
11110101000010001
11110110100100001
11110110000000101
11110110000000011
11110110010000001
11110110000001001
11110110001000001
11110110000010001
11110111000000101
11110111100001001
11110111000000011
11110111000110001
11110111010000001
11110111001000001
11111000000000101
11111000000000011
11111000010000001
11111000000001001
11111000000100001
11111000100000001
11111000000010001
11111001000000101
11111001000000011
11111001010000001
11111001000001001
11111001000100001
11111001100000001
11111001000010001
11111010000000101
11111010000000011
11111010001100001
11111010010000001
11111010000001001
11111010100000001
11111010000010001
11111011000100011
11111011000000101
11111011010000001
11111011000001001
11111011100000001
11111011000010001
11111100011000101
11111100000000011
11111100000001001
11111100000100001
11111100100000001
11111100000010001
11111101011000101
11111101000000011
11111101000001001
11111101000100001
11111101100000001
11111101000010001
11111110100000011
11111110100100001
11111110001000011
11111110000100101
11111110010000011
11111110001010001
11111110011000101
11111110000110001
11111110001100001
11111110010100001
11111110000010101
11111110000001001
11111111111111111
.e