.i 7
.o 1
.ilb a0 a1 a2 a3 a4 a5 a6
.ob F
00000001
00000111
00001011
00001111
00010011
00010111
00011011
00100111
00101011
00101111
00110011
00110111
00111011
00111101
01000111
01001011
01001111
01010011
01010111
01011011
01011101
01100001
01100111
01101011
01101111
01110011
01110111
01111011
10000111
10001011
10001111
10010011
10010111
10011011
10011101
10100001
10100111
10101011
10101111
10110011
10110111
10111011
11000001
11000111
11001011
11001111
11010011
11010111
11011011
11100111
11101011
11101111
11110011
11110111
11111011
11111101
.e