.i 17
.o 1
.ilb a0 a1 a2 a3 a4 a5 a6 a7 a8 b0 b1 b2 b3 b4 b5 b6 b7
.ob F
000000000000000001
000000001000000011
000000010000000101
000000011000000111
000000100000001001
000000101000001011
000000110000001101
000000111000001111
000001000000010001
000001001000010011
000001010000010101
000001011000010111
000001100000011001
000001101000011011
000001110000011101
000001111000011111
000010000000100001
000010001000100011
000010010000100101
000010011000100111
000010100000101001
000010101000101011
000010110000101101
000010111000101111
000011000000110001
000011001000110011
000011010000110101
000011011000110111
000011100000111001
000011101000111011
000011110000111101
000011111000111111
000100000001000001
000100001001000011
000100010001000101
000100011001000111
000100100001001001
000100101001001011
000100110001001101
000100111001001111
000101000001010001
000101001001010011
000101010001010101
000101011001010111
000101100001011001
000101101001011011
000101110001011101
000101111001011111
000110000001100001
000110001001100011
000110010001100101
000110011001100111
000110100001101001
000110101001101011
000110110001101101
000110111001101111
000111000001110001
000111001001110011
000111010001110101
000111011001110111
000111100001111001
000111101001111011
000111110001111101
000111111001111111
001000000010000001
001000001010000011
001000010010000101
001000011010000111
001000100010001001
001000101010001011
001000110010001101
001000111010001111
001001000010010001
001001001010010011
001001010010010101
001001011010010111
001001100010011001
001001101010011011
001001110010011101
001001111010011111
001010000010100001
001010001010100011
001010010010100101
001010011010100111
001010100010101001
001010101010101011
001010110010101101
001010111010101111
001011000010110001
001011001010110011
001011010010110101
001011011010110111
001011100010111001
001011101010111011
001011110010111101
001011111010111111
001100000011000001
001100001011000011
001100010011000101
001100011011000111
001100100011001001
001100101011001011
001100110011001101
001100111011001111
001101000011010001
001101001011010011
001101010011010101
001101011011010111
001101100011011001
001101101011011011
001101110011011101
001101111011011111
001110000011100001
001110001011100011
001110010011100101
001110011011100111
001110100011101001
001110101011101011
001110110011101101
001110111011101111
001111000011110001
001111001011110011
001111010011110101
001111011011110111
001111100011111001
001111101011111011
001111110011111101
001111111011111111
010000000100000001
010000001100000011
010000010100000101
010000011100000111
010000100100001001
010000101100001011
010000110100001101
010000111100001111
010001000100010001
010001001100010011
010001010100010101
010001011100010111
010001100100011001
010001101100011011
010001110100011101
010001111100011111
010010000100100001
010010001100100011
010010010100100101
010010011100100111
010010100100101001
010010101100101011
010010110100101101
010010111100101111
010011000100110001
010011001100110011
010011010100110101
010011011100110111
010011100100111001
010011101100111011
010011110100111101
010011111100111111
010100000101000001
010100001101000011
010100010101000101
010100011101000111
010100100101001001
010100101101001011
010100110101001101
010100111101001111
010101000101010001
010101001101010011
010101010101010101
010101011101010111
010101100101011001
010101101101011011
010101110101011101
010101111101011111
010110000101100001
010110001101100011
010110010101100101
010110011101100111
010110100101101001
010110101101101011
010110110101101101
010110111101101111
010111000101110001
010111001101110011
010111010101110101
010111011101110111
010111100101111001
010111101101111011
010111110101111101
010111111101111111
011000000110000001
011000001110000011
011000010110000101
011000011110000111
011000100110001001
011000101110001011
011000110110001101
011000111110001111
011001000110010001
011001001110010011
011001010110010101
011001011110010111
011001100110011001
011001101110011011
011001110110011101
011001111110011111
011010000110100001
011010001110100011
011010010110100101
011010011110100111
011010100110101001
011010101110101011
011010110110101101
011010111110101111
011011000110110001
011011001110110011
011011010110110101
011011011110110111
011011100110111001
011011101110111011
011011110110111101
011011111110111111
011100000111000001
011100001111000011
011100010111000101
011100011111000111
011100100111001001
011100101111001011
011100110111001101
011100111111001111
011101000111010001
011101001111010011
011101010111010101
011101011111010111
011101100111011001
011101101111011011
011101110111011101
011101111111011111
011110000111100001
011110001111100011
011110010111100101
011110011111100111
011110100111101001
011110101111101011
011110110111101101
011110111111101111
011111000111110001
011111001111110011
011111010111110101
011111011111110111
011111100111111001
011111101111111011
011111110111111101
011111111111111111
100000000000110111
100000001000110101
100000010000110011
100000011000110001
100000100000111111
100000101000111101
100000110000111011
100000111000111001
100001000000100111
100001001000100101
100001010000100011
100001011000100001
100001100000101111
100001101000101101
100001110000101011
100001111000101001
100010000000010111
100010001000010101
100010010000010011
100010011000010001
100010100000011111
100010101000011101
100010110000011011
100010111000011001
100011000000000111
100011001000000101
100011010000000011
100011011000000001
100011100000001111
100011101000001101
100011110000001011
100011111000001001
100100000001110111
100100001001110101
100100010001110011
100100011001110001
100100100001111111
100100101001111101
100100110001111011
100100111001111001
100101000001100111
100101001001100101
100101010001100011
100101011001100001
100101100001101111
100101101001101101
100101110001101011
100101111001101001
100110000001010111
100110001001010101
100110010001010011
100110011001010001
100110100001011111
100110101001011101
100110110001011011
100110111001011001
100111000001000111
100111001001000101
100111010001000011
100111011001000001
100111100001001111
100111101001001101
100111110001001011
100111111001001001
101000000010110111
101000001010110101
101000010010110011
101000011010110001
101000100010111111
101000101010111101
101000110010111011
101000111010111001
101001000010100111
101001001010100101
101001010010100011
101001011010100001
101001100010101111
101001101010101101
101001110010101011
101001111010101001
101010000010010111
101010001010010101
101010010010010011
101010011010010001
101010100010011111
101010101010011101
101010110010011011
101010111010011001
101011000010000111
101011001010000101
101011010010000011
101011011010000001
101011100010001111
101011101010001101
101011110010001011
101011111010001001
101100000011110111
101100001011110101
101100010011110011
101100011011110001
101100100011111111
101100101011111101
101100110011111011
101100111011111001
101101000011100111
101101001011100101
101101010011100011
101101011011100001
101101100011101111
101101101011101101
101101110011101011
101101111011101001
101110000011010111
101110001011010101
101110010011010011
101110011011010001
101110100011011111
101110101011011101
101110110011011011
101110111011011001
101111000011000111
101111001011000101
101111010011000011
101111011011000001
101111100011001111
101111101011001101
101111110011001011
101111111011001001
110000000100110111
110000001100110101
110000010100110011
110000011100110001
110000100100111111
110000101100111101
110000110100111011
110000111100111001
110001000100100111
110001001100100101
110001010100100011
110001011100100001
110001100100101111
110001101100101101
110001110100101011
110001111100101001
110010000100010111
110010001100010101
110010010100010011
110010011100010001
110010100100011111
110010101100011101
110010110100011011
110010111100011001
110011000100000111
110011001100000101
110011010100000011
110011011100000001
110011100100001111
110011101100001101
110011110100001011
110011111100001001
110100000101110111
110100001101110101
110100010101110011
110100011101110001
110100100101111111
110100101101111101
110100110101111011
110100111101111001
110101000101100111
110101001101100101
110101010101100011
110101011101100001
110101100101101111
110101101101101101
110101110101101011
110101111101101001
110110000101010111
110110001101010101
110110010101010011
110110011101010001
110110100101011111
110110101101011101
110110110101011011
110110111101011001
110111000101000111
110111001101000101
110111010101000011
110111011101000001
110111100101001111
110111101101001101
110111110101001011
110111111101001001
111000000110110111
111000001110110101
111000010110110011
111000011110110001
111000100110111111
111000101110111101
111000110110111011
111000111110111001
111001000110100111
111001001110100101
111001010110100011
111001011110100001
111001100110101111
111001101110101101
111001110110101011
111001111110101001
111010000110010111
111010001110010101
111010010110010011
111010011110010001
111010100110011111
111010101110011101
111010110110011011
111010111110011001
111011000110000111
111011001110000101
111011010110000011
111011011110000001
111011100110001111
111011101110001101
111011110110001011
111011111110001001
111100000111110111
111100001111110101
111100010111110011
111100011111110001
111100100111111111
111100101111111101
111100110111111011
111100111111111001
111101000111100111
111101001111100101
111101010111100011
111101011111100001
111101100111101111
111101101111101101
111101110111101011
111101111111101001
111110000111010111
111110001111010101
111110010111010011
111110011111010001
111110100111011111
111110101111011101
111110110111011011
111110111111011001
111111000111000111
111111001111000101
111111010111000011
111111011111000001
111111100111001111
111111101111001101
111111110111001011
111111111111001001
.e