.i 16
.o 1
.ilb a0 a1 a2 a3 a4 a5 a6 a7 b0 b1 b2 b3 b4 b5 b6 b7
.ob F
00000000000000001
00000001101101101
00000010101011111
00000011000110011
00000100100111011
00000101001010111
00000110001100101
00000111100001001
00001000111110011
00001001010011111
00001010010101101
00001011111000001
00001100011001001
00001101110100101
00001110110010111
00001111011111011
00010000001100011
00010001100001111
00010010100111101
00010011001010001
00010100101011001
00010101000110101
00010110000000111
00010111101101011
00011000110010001
00011001011111101
00011010011001111
00011011110100011
00011100010101011
00011101111000111
00011110111110101
00011111010011001
00100000011000101
00100001110101001
00100010110011011
00100011011110111
00100100111111111
00100101010010011
00100110010100001
00100111111001101
00101000100110111
00101001001011011
00101010001101001
00101011100000101
00101100000001101
00101101101100001
00101110101010011
00101111000111111
00110000010100111
00110001111001011
00110010111111001
00110011010010101
00110100110011101
00110101011110001
00110110011000011
00110111110101111
00111000101010101
00111001000111001
00111010000001011
00111011101100111
00111100001101111
00111101100000011
00111110100110001
00111111001011101
01000000110001001
01000001011100101
01000010011010111
01000011110111011
01000100010110011
01000101111011111
01000110111101101
01000111010000001
01001000001111011
01001001100010111
01001010100100101
01001011001001001
01001100101000001
01001101000101101
01001110000011111
01001111101110011
01010000111101011
01010001010000111
01010010010110101
01010011111011001
01010100011010001
01010101110111101
01010110110001111
01010111011100011
01011000000011001
01011001101110101
01011010101000111
01011011000101011
01011100100100011
01011101001001111
01011110001111101
01011111100010001
01100000101001101
01100001000100001
01100010000010011
01100011101111111
01100100001110111
01100101100011011
01100110100101001
01100111001000101
01101000010111111
01101001111010011
01101010111100001
01101011010001101
01101100110000101
01101101011101001
01101110011011011
01101111110110111
01110000100101111
01110001001000011
01110010001110001
01110011100011101
01110100000010101
01110101101111001
01110110101001011
01110111000100111
01111000011011101
01111001110110001
01111010110000011
01111011011101111
01111100111100111
01111101010001011
01111110010111001
01111111111010101
10000000010010111
10000001111111011
10000010111001001
10000011010100101
10000100110101101
10000101011000001
10000110011110011
10000111110011111
10001000101100101
10001001000001001
10001010000111011
10001011101010111
10001100001011111
10001101100110011
10001110100000001
10001111001101101
10010000011110101
10010001110011001
10010010110101011
10010011011000111
10010100111001111
10010101010100011
10010110010010001
10010111111111101
10011000100000111
10011001001101011
10011010001011001
10011011100110101
10011100000111101
10011101101010001
10011110101100011
10011111000001111
10100000001010011
10100001100111111
10100010100001101
10100011001100001
10100100101101001
10100101000000101
10100110000110111
10100111101011011
10101000110100001
10101001011001101
10101010011111111
10101011110010011
10101100010011011
10101101111110111
10101110111000101
10101111010101001
10110000000110001
10110001101011101
10110010101101111
10110011000000011
10110100100001011
10110101001100111
10110110001010101
10110111100111001
10111000111000011
10111001010101111
10111010010011101
10111011111110001
10111100011111001
10111101110010101
10111110110100111
10111111011001011
11000000100011111
11000001001110011
11000010001000001
11000011100101101
11000100000100101
11000101101001001
11000110101111011
11000111000010111
11001000011101101
11001001110000001
11001010110110011
11001011011011111
11001100111010111
11001101010111011
11001110010001001
11001111111100101
11010000101111101
11010001000010001
11010010000100011
11010011101001111
11010100001000111
11010101100101011
11010110100011001
11010111001110101
11011000010001111
11011001111100011
11011010111010001
11011011010111101
11011100110110101
11011101011011001
11011110011101011
11011111110000111
11100000111011011
11100001010110111
11100010010000101
11100011111101001
11100100011100001
11100101110001101
11100110110111111
11100111011010011
11101000000101001
11101001101000101
11101010101110111
11101011000011011
11101100100010011
11101101001111111
11101110001001101
11101111100100001
11110000110111001
11110001011010101
11110010011100111
11110011110001011
11110100010000011
11110101111101111
11110110111011101
11110111010110001
11111000001001011
11111001100100111
11111010100010101
11111011001111001
11111100101110001
11111101000011101
11111110000101111
11111111101000011
.e