.i 17
.o 1
.ilb a0 a1 a2 a3 a4 a5 a6 a7 b0 b1 b2 b3 b4 b5 b6 b7 f0
.ob F
000000000000000010
000000011010000010
000000100110110110
000000111100110110
000001001101101010
000001010111101010
000001101011011110
000001110001011110
000010001001100110
000010010011100110
000010101111010010
000010110101010010
000011000100001110
000011011110001110
000011100010111010
000011111000111010
000100000001111110
000100011011111110
000100100111001010
000100111101001010
000101001100010110
000101010110010110
000101101010100010
000101110000100010
000110001000011010
000110010010011010
000110101110101110
000110110100101110
000111000101110010
000111011111110010
000111100011000110
000111111001000110
001000000011111010
001000011001111010
001000100101001110
001000111111001110
001001001110010010
001001010100010010
001001101000100110
001001110010100110
001010001010011110
001010010000011110
001010101100101010
001010110110101010
001011000111110110
001011011101110110
001011100001000010
001011111011000010
001100000010000110
001100011000000110
001100100100110010
001100111110110010
001101001111101110
001101010101101110
001101101001011010
001101110011011010
001110001011100010
001110010001100010
001110101101010110
001110110111010110
001111000110001010
001111011100001010
001111100000111110
001111111010111110
010000000111110010
010000011101110010
010000100001000110
010000111011000110
010001001010011010
010001010000011010
010001101100101110
010001110110101110
010010001110010110
010010010100010110
010010101000100010
010010110010100010
010011000011111110
010011011001111110
010011100101001010
010011111111001010
010100000110001110
010100011100001110
010100100000111010
010100111010111010
010101001011100110
010101010001100110
010101101101010010
010101110111010010
010110001111101010
010110010101101010
010110101001011110
010110110011011110
010111000010000010
010111011000000010
010111100100110110
010111111110110110
011000000100001010
011000011110001010
011000100010111110
011000111000111110
011001001001100010
011001010011100010
011001101111010110
011001110101010110
011010001101101110
011010010111101110
011010101011011010
011010110001011010
011011000000000110
011011011010000110
011011100110110010
011011111100110010
011100000101110110
011100011111110110
011100100011000010
011100111001000010
011101001000011110
011101010010011110
011101101110101010
011101110100101010
011110001100010010
011110010110010010
011110101010100110
011110110000100110
011111000001111010
011111011011111010
011111100111001110
011111111101001110
100000001111100010
100000010101100010
100000101001010110
100000110011010110
100001000010001010
100001011000001010
100001100100111110
100001111110111110
100010000110000110
100010011100000110
100010100000110010
100010111010110010
100011001011101110
100011010001101110
100011101101011010
100011110111011010
100100001110011110
100100010100011110
100100101000101010
100100110010101010
100101000011110110
100101011001110110
100101100101000010
100101111111000010
100110000111111010
100110011101111010
100110100001001110
100110111011001110
100111001010010010
100111010000010010
100111101100100110
100111110110100110
101000001100011010
101000010110011010
101000101010101110
101000110000101110
101001000001110010
101001011011110010
101001100111000110
101001111101000110
101010000101111110
101010011111111110
101010100011001010
101010111001001010
101011001000010110
101011010010010110
101011101110100010
101011110100100010
101100001101100110
101100010111100110
101100101011010010
101100110001010010
101101000000001110
101101011010001110
101101100110111010
101101111100111010
101110000100000010
101110011110000010
101110100010110110
101110111000110110
101111001001101010
101111010011101010
101111101111011110
101111110101011110
110000001000010010
110000010010010010
110000101110100110
110000110100100110
110001000101111010
110001011111111010
110001100011001110
110001111001001110
110010000001110110
110010011011110110
110010100111000010
110010111101000010
110011001100011110
110011010110011110
110011101010101010
110011110000101010
110100001001101110
110100010011101110
110100101111011010
110100110101011010
110101000100000110
110101011110000110
110101100010110010
110101111000110010
110110000000001010
110110011010001010
110110100110111110
110110111100111110
110111001101100010
110111010111100010
110111101011010110
110111110001010110
111000001011101010
111000010001101010
111000101101011110
111000110111011110
111001000110000010
111001011100000010
111001100000110110
111001111010110110
111010000010001110
111010011000001110
111010100100111010
111010111110111010
111011001111100110
111011010101100110
111011101001010010
111011110011010010
111100001010010110
111100010000010110
111100101100100010
111100110110100010
111101000111111110
111101011101111110
111101100001001010
111101111011001010
111110000011110010
111110011001110010
111110100101000110
111110111111000110
111111001110011010
111111010100011010
111111101000101110
111111110010101110
000000000000000011
000000010101101111
000000101011011011
000000111110110111
000001000010000111
000001010111101011
000001101001011111
000001111100110011
000010000100001011
000010010001100111
000010101111010011
000010111010111111
000011000110001111
000011010011100011
000011101101010111
000011111000111011
000100001000010011
000100011101111111
000100100011001011
000100110110100111
000101001010010111
000101011111111011
000101100001001111
000101110100100011
000110001100011011
000110011001110111
000110100111000011
000110110010101111
000111001110011111
000111011011110011
000111100101000111
000111110000101011
001000000100010111
001000010001111011
001000101111001111
001000111010100011
001001000110010011
001001010011111111
001001101101001011
001001111000100111
001010000000011111
001010010101110011
001010101011000111
001010111110101011
001011000010011011
001011010111110111
001011101001000011
001011111100101111
001100001100000111
001100011001101011
001100100111011111
001100110010110011
001101001110000011
001101011011101111
001101100101011011
001101110000110111
001110001000001111
001110011101100011
001110100011010111
001110110110111011
001111001010001011
001111011111100111
001111100001010011
001111110100111111
010000001000101011
010000011101000111
010000100011110011
010000110110011111
010001001010101111
010001011111000011
010001100001110111
010001110100011011
010010001100100011
010010011001001111
010010100111111011
010010110010010111
010011001110100111
010011011011001011
010011100101111111
010011110000010011
010100000000111011
010100010101010111
010100101011100011
010100111110001111
010101000010111111
010101010111010011
010101101001100111
010101111100001011
010110000100110011
010110010001011111
010110101111101011
010110111010000111
010111000110110111
010111010011011011
010111101101101111
010111111000000011
011000001100111111
011000011001010011
011000100111100111
011000110010001011
011001001110111011
011001011011010111
011001100101100011
011001110000001111
011010001000110111
011010011101011011
011010100011101111
011010110110000011
011011001010110011
011011011111011111
011011100001101011
011011110100000111
011100000100101111
011100010001000011
011100101111110111
011100111010011011
011101000110101011
011101010011000111
011101101101110011
011101111000011111
011110000000100111
011110010101001011
011110101011111111
011110111110010011
011111000010100011
011111010111001111
011111101001111011
011111111100010111
100000000101100111
100000010000001011
100000101110111111
100000111011010011
100001000111100011
100001010010001111
100001101100111011
100001111001010111
100010000001101111
100010010100000011
100010101010110111
100010111111011011
100011000011101011
100011010110000111
100011101000110011
100011111101011111
100100001101110111
100100011000011011
100100100110101111
100100110011000011
100101001111110011
100101011010011111
100101100100101011
100101110001000111
100110001001111111
100110011100010011
100110100010100111
100110110111001011
100111001011111011
100111011110010111
100111100000100011
100111110101001111
101000000001110011
101000010100011111
101000101010101011
101000111111000111
101001000011110111
101001010110011011
101001101000101111
101001111101000011
101010000101111011
101010010000010111
101010101110100011
101010111011001111
101011000111111111
101011010010010011
101011101100100111
101011111001001011
101100001001100011
101100011100001111
101100100010111011
101100110111010111
101101001011100111
101101011110001011
101101100000111111
101101110101010011
101110001101101011
101110011000000111
101110100110110011
101110110011011111
101111001111101111
101111011010000011
101111100100110111
101111110001011011
110000001101001111
110000011000100011
110000100110010111
110000110011111011
110001001111001011
110001011010100111
110001100100010011
110001110001111111
110010001001000111
110010011100101011
110010100010011111
110010110111110011
110011001011000011
110011011110101111
110011100000011011
110011110101110111
110100000101011111
110100010000110011
110100101110000111
110100111011101011
110101000111011011
110101010010110111
110101101100000011
110101111001101111
110110000001010111
110110010100111011
110110101010001111
110110111111100011
110111000011010011
110111010110111111
110111101000001011
110111111101100111
111000001001011011
111000011100110111
111000100010000011
111000110111101111
111001001011011111
111001011110110011
111001100000000111
111001110101101011
111010001101010011
111010011000111111
111010100110001011
111010110011100111
111011001111010111
111011011010111011
111011100100001111
111011110001100011
111100000001001011
111100010100100111
111100101010010011
111100111111111111
111101000011001111
111101010110100011
111101101000010111
111101111101111011
111110000101000011
111110010000101111
111110101110011011
111110111011110111
111111000111000111
111111010010101011
111111101100011111
111111111001110011
.e