.i 17
.o 1
.ilb a0 a1 a2 a3 a4 a5 a6 a7 a8 b0 b1 b2 b3 b4 b5 b6 b7
.ob F
100000000000000001
100000001001011101
100000010010111001
100000011011100101
100000100101110001
100000101100101101
100000110111001001
100000111110010101
100001000010111011
100001001011100111
100001010000000011
100001011001011111
100001100111001011
100001101110010111
100001110101110011
100001111100101111
100010000101110101
100010001100101001
100010010111001101
100010011110010001
100010100000000101
100010101001011001
100010110010111101
100010111011100001
100011000111001111
100011001110010011
100011010101110111
100011011100101011
100011100010111111
100011101011100011
100011110000000111
100011111001011011
100100000010110011
100100001011101111
100100010000001011
100100011001010111
100100100111000011
100100101110011111
100100110101111011
100100111100100111
100101000000001001
100101001001010101
100101010010110001
100101011011101101
100101100101111001
100101101100100101
100101110111000001
100101111110011101
100110000111000111
100110001110011011
100110010101111111
100110011100100011
100110100010110111
100110101011101011
100110110000001111
100110111001010011
100111000101111101
100111001100100001
100111010111000101
100111011110011001
100111100000001101
100111101001010001
100111110010110101
100111111011101001
101000000101100101
101000001100111001
101000010111011101
101000011110000001
101000100000010101
101000101001001001
101000110010101101
101000111011110001
101001000111011111
101001001110000011
101001010101100111
101001011100111011
101001100010101111
101001101011110011
101001110000010111
101001111001001011
101010000000010001
101010001001001101
101010010010101001
101010011011110101
101010100101100001
101010101100111101
101010110111011001
101010111110000101
101011000010101011
101011001011110111
101011010000010011
101011011001001111
101011100111011011
101011101110000111
101011110101100011
101011111100111111
101100000111010111
101100001110001011
101100010101101111
101100011100110011
101100100010100111
101100101011111011
101100110000011111
101100111001000011
101101000101101101
101101001100110001
101101010111010101
101101011110001001
101101100000011101
101101101001000001
101101110010100101
101101111011111001
101110000010100011
101110001011111111
101110010000011011
101110011001000111
101110100111010011
101110101110001111
101110110101101011
101110111100110111
101111000000011001
101111001001000101
101111010010100001
101111011011111101
101111100101101001
101111101100110101
101111110111010001
101111111110001101
110000000010010011
110000001011001111
110000010000101011
110000011001110111
110000100111100011
110000101110111111
110000110101011011
110000111100000111
110001000000101001
110001001001110101
110001010010010001
110001011011001101
110001100101011001
110001101100000101
110001110111100001
110001111110111101
110010000111100111
110010001110111011
110010010101011111
110010011100000011
110010100010010111
110010101011001011
110010110000101111
110010111001110011
110011000101011101
110011001100000001
110011010111100101
110011011110111001
110011100000101101
110011101001110001
110011110010010101
110011111011001001
110100000000100001
110100001001111101
110100010010011001
110100011011000101
110100100101010001
110100101100001101
110100110111101001
110100111110110101
110101000010011011
110101001011000111
110101010000100011
110101011001111111
110101100111101011
110101101110110111
110101110101010011
110101111100001111
110110000101010101
110110001100001001
110110010111101101
110110011110110001
110110100000100101
110110101001111001
110110110010011101
110110111011000001
110111000111101111
110111001110110011
110111010101010111
110111011100001011
110111100010011111
110111101011000011
110111110000100111
110111111001111011
111000000111110111
111000001110101011
111000010101001111
111000011100010011
111000100010000111
111000101011011011
111000110000111111
111000111001100011
111001000101001101
111001001100010001
111001010111110101
111001011110101001
111001100000111101
111001101001100001
111001110010000101
111001111011011001
111010000010000011
111010001011011111
111010010000111011
111010011001100111
111010100111110011
111010101110101111
111010110101001011
111010111100010111
111011000000111001
111011001001100101
111011010010000001
111011011011011101
111011100101001001
111011101100010101
111011110111110001
111011111110101101
111100000101000101
111100001100011001
111100010111111101
111100011110100001
111100100000110101
111100101001101001
111100110010001101
111100111011010001
111101000111111111
111101001110100011
111101010101000111
111101011100011011
111101100010001111
111101101011010011
111101110000110111
111101111001101011
111110000000110001
111110001001101101
111110010010001001
111110011011010101
111110100101000001
111110101100011101
111110110111111001
111110111110100101
111111000010001011
111111001011010111
111111010000110011
111111011001101111
111111100111111011
111111101110100111
111111110101000011
111111111100011111
000000000000000001
000000001100100111
000000010011010111
000000011111110001
000000100110101101
000000101010001011
000000110101111011
000000111001011101
000001000111000011
000001001011100101
000001010100010101
000001011000110011
000001100001101111
000001101101001001
000001110010111001
000001111110011111
000010000100011111
000010001000111001
000010010111001001
000010011011101111
000010100010110011
000010101110010101
000010110001100101
000010111101000011
000011000011011101
000011001111111011
000011010000001011
000011011100101101
000011100101110001
000011101001010111
000011110110100111
000011111010000001
000100000010100111
000100001110000001
000100010001110001
000100011101010111
000100100100001011
000100101000101101
000100110111011101
000100111011111011
000101000101100101
000101001001000011
000101010110110011
000101011010010101
000101100011001001
000101101111101111
000101110000011111
000101111100111001
000110000110111001
000110001010011111
000110010101101111
000110011001001001
000110100000010101
000110101100110011
000110110011000011
000110111111100101
000111000001111011
000111001101011101
000111010010101101
000111011110001011
000111100111010111
000111101011110001
000111110100000001
000111111000100111
001000000101001101
001000001001101011
001000010110011011
001000011010111101
001000100011100001
001000101111000111
001000110000110111
001000111100010001
001001000010001111
001001001110101001
001001010001011001
001001011101111111
001001100100100011
001001101000000101
001001110111110101
001001111011010011
001010000001010011
001010001101110101
001010010010000101
001010011110100011
001010100111111111
001010101011011001
001010110100101001
001010111000001111
001011000110010001
001011001010110111
001011010101000111
001011011001100001
001011100000111101
001011101100011011
001011110011101011
001011111111001101
001100000111101011
001100001011001101
001100010100111101
001100011000011011
001100100001000111
001100101101100001
001100110010010001
001100111110110111
001101000000101001
001101001100001111
001101010011111111
001101011111011001
001101100110000101
001101101010100011
001101110101010011
001101111001110101
001110000011110101
001110001111010011
001110010000100011
001110011100000101
001110100101011001
001110101001111111
001110110110001111
001110111010101001
001111000100110111
001111001000010001
001111010111100001
001111011011000111
001111100010011011
001111101110111101
001111110001001101
001111111101101011
010000000000000011
010000001100100101
010000010011010101
010000011111110011
010000100110101111
010000101010001001
010000110101111001
010000111001011111
010001000111000001
010001001011100111
010001010100010111
010001011000110001
010001100001101101
010001101101001011
010001110010111011
010001111110011101
010010000100011101
010010001000111011
010010010111001011
010010011011101101
010010100010110001
010010101110010111
010010110001100111
010010111101000001
010011000011011111
010011001111111001
010011010000001001
010011011100101111
010011100101110011
010011101001010101
010011110110100101
010011111010000011
010100000010100101
010100001110000011
010100010001110011
010100011101010101
010100100100001001
010100101000101111
010100110111011111
010100111011111001
010101000101100111
010101001001000001
010101010110110001
010101011010010111
010101100011001011
010101101111101101
010101110000011101
010101111100111011
010110000110111011
010110001010011101
010110010101101101
010110011001001011
010110100000010111
010110101100110001
010110110011000001
010110111111100111
010111000001111001
010111001101011111
010111010010101111
010111011110001001
010111100111010101
010111101011110011
010111110100000011
010111111000100101
011000000101001111
011000001001101001
011000010110011001
011000011010111111
011000100011100011
011000101111000101
011000110000110101
011000111100010011
011001000010001101
011001001110101011
011001010001011011
011001011101111101
011001100100100001
011001101000000111
011001110111110111
011001111011010001
011010000001010001
011010001101110111
011010010010000111
011010011110100001
011010100111111101
011010101011011011
011010110100101011
011010111000001101
011011000110010011
011011001010110101
011011010101000101
011011011001100011
011011100000111111
011011101100011001
011011110011101001
011011111111001111
011100000111101001
011100001011001111
011100010100111111
011100011000011001
011100100001000101
011100101101100011
011100110010010011
011100111110110101
011101000000101011
011101001100001101
011101010011111101
011101011111011011
011101100110000111
011101101010100001
011101110101010001
011101111001110111
011110000011110111
011110001111010001
011110010000100001
011110011100000111
011110100101011011
011110101001111101
011110110110001101
011110111010101011
011111000100110101
011111001000010011
011111010111100011
011111011011000101
011111100010011001
011111101110111111
011111110001001111
011111111101101001
.e