.i 17
.o 1
.ilb a0 a1 a2 a3 a4 a5 a6 a7 b0 b1 b2 b3 b4 b5 b6 b7 f0
.ob F
000000000000000001
000000000000000011
000000010101100101
000000010000000011
000000101011001001
000000100000000011
000000111110101101
000000110000000011
000001000000000101
000001000000000011
000001010101100001
000001010000000011
000001101011001101
000001100000000011
000001111110101001
000001110000000011
000010000000001001
000010000000000011
000010010101101101
000010010000000011
000010101011000001
000010100000000011
000010111110100101
000010110000000011
000011000000001101
000011000000000011
000011010101101001
000011010000000011
000011101011000101
000011100000000011
000011111110100001
000011110000000011
000100000000010001
000100000000000011
000100010101110101
000100010000000011
000100101011011001
000100100000000011
000100111110111101
000100110000000011
000101000000010101
000101000000000011
000101010101110001
000101010000000011
000101101011011101
000101100000000011
000101111110111001
000101110000000011
000110000000011001
000110000000000011
000110010101111101
000110010000000011
000110101011010001
000110100000000011
000110111110110101
000110110000000011
000111000000011101
000111000000000011
000111010101111001
000111010000000011
000111101011010101
000111100000000011
000111111110110001
000111110000000011
001000000000100001
001000000000000011
001000010101000101
001000010000000011
001000101011101001
001000100000000011
001000111110001101
001000110000000011
001001000000100101
001001000000000011
001001010101000001
001001010000000011
001001101011101101
001001100000000011
001001111110001001
001001110000000011
001010000000101001
001010000000000011
001010010101001101
001010010000000011
001010101011100001
001010100000000011
001010111110000101
001010110000000011
001011000000101101
001011000000000011
001011010101001001
001011010000000011
001011101011100101
001011100000000011
001011111110000001
001011110000000011
001100000000110001
001100000000000011
001100010101010101
001100010000000011
001100101011111001
001100100000000011
001100111110011101
001100110000000011
001101000000110101
001101000000000011
001101010101010001
001101010000000011
001101101011111101
001101100000000011
001101111110011001
001101110000000011
001110000000111001
001110000000000011
001110010101011101
001110010000000011
001110101011110001
001110100000000011
001110111110010101
001110110000000011
001111000000111101
001111000000000011
001111010101011001
001111010000000011
001111101011110101
001111100000000011
001111111110010001
001111110000000011
010000000001000001
010000000000000011
010000010100100101
010000010000000011
010000101010001001
010000100000000011
010000111111101101
010000110000000011
010001000001000101
010001000000000011
010001010100100001
010001010000000011
010001101010001101
010001100000000011
010001111111101001
010001110000000011
010010000001001001
010010000000000011
010010010100101101
010010010000000011
010010101010000001
010010100000000011
010010111111100101
010010110000000011
010011000001001101
010011000000000011
010011010100101001
010011010000000011
010011101010000101
010011100000000011
010011111111100001
010011110000000011
010100000001010001
010100000000000011
010100010100110101
010100010000000011
010100101010011001
010100100000000011
010100111111111101
010100110000000011
010101000001010101
010101000000000011
010101010100110001
010101010000000011
010101101010011101
010101100000000011
010101111111111001
010101110000000011
010110000001011001
010110000000000011
010110010100111101
010110010000000011
010110101010010001
010110100000000011
010110111111110101
010110110000000011
010111000001011101
010111000000000011
010111010100111001
010111010000000011
010111101010010101
010111100000000011
010111111111110001
010111110000000011
011000000001100001
011000000000000011
011000010100000101
011000010000000011
011000101010101001
011000100000000011
011000111111001101
011000110000000011
011001000001100101
011001000000000011
011001010100000001
011001010000000011
011001101010101101
011001100000000011
011001111111001001
011001110000000011
011010000001101001
011010000000000011
011010010100001101
011010010000000011
011010101010100001
011010100000000011
011010111111000101
011010110000000011
011011000001101101
011011000000000011
011011010100001001
011011010000000011
011011101010100101
011011100000000011
011011111111000001
011011110000000011
011100000001110001
011100000000000011
011100010100010101
011100010000000011
011100101010111001
011100100000000011
011100111111011101
011100110000000011
011101000001110101
011101000000000011
011101010100010001
011101010000000011
011101101010111101
011101100000000011
011101111111011001
011101110000000011
011110000001111001
011110000000000011
011110010100011101
011110010000000011
011110101010110001
011110100000000011
011110111111010101
011110110000000011
011111000001111101
011111000000000011
011111010100011001
011111010000000011
011111101010110101
011111100000000011
011111111111010001
011111110000000011
100000000010000001
100000000000000011
100000010111100101
100000010000000011
100000101001001001
100000100000000011
100000111100101101
100000110000000011
100001000010000101
100001000000000011
100001010111100001
100001010000000011
100001101001001101
100001100000000011
100001111100101001
100001110000000011
100010000010001001
100010000000000011
100010010111101101
100010010000000011
100010101001000001
100010100000000011
100010111100100101
100010110000000011
100011000010001101
100011000000000011
100011010111101001
100011010000000011
100011101001000101
100011100000000011
100011111100100001
100011110000000011
100100000010010001
100100000000000011
100100010111110101
100100010000000011
100100101001011001
100100100000000011
100100111100111101
100100110000000011
100101000010010101
100101000000000011
100101010111110001
100101010000000011
100101101001011101
100101100000000011
100101111100111001
100101110000000011
100110000010011001
100110000000000011
100110010111111101
100110010000000011
100110101001010001
100110100000000011
100110111100110101
100110110000000011
100111000010011101
100111000000000011
100111010111111001
100111010000000011
100111101001010101
100111100000000011
100111111100110001
100111110000000011
101000000010100001
101000000000000011
101000010111000101
101000010000000011
101000101001101001
101000100000000011
101000111100001101
101000110000000011
101001000010100101
101001000000000011
101001010111000001
101001010000000011
101001101001101101
101001100000000011
101001111100001001
101001110000000011
101010000010101001
101010000000000011
101010010111001101
101010010000000011
101010101001100001
101010100000000011
101010111100000101
101010110000000011
101011000010101101
101011000000000011
101011010111001001
101011010000000011
101011101001100101
101011100000000011
101011111100000001
101011110000000011
101100000010110001
101100000000000011
101100010111010101
101100010000000011
101100101001111001
101100100000000011
101100111100011101
101100110000000011
101101000010110101
101101000000000011
101101010111010001
101101010000000011
101101101001111101
101101100000000011
101101111100011001
101101110000000011
101110000010111001
101110000000000011
101110010111011101
101110010000000011
101110101001110001
101110100000000011
101110111100010101
101110110000000011
101111000010111101
101111000000000011
101111010111011001
101111010000000011
101111101001110101
101111100000000011
101111111100010001
101111110000000011
110000000011000001
110000000000000011
110000010110100101
110000010000000011
110000101000001001
110000100000000011
110000111101101101
110000110000000011
110001000011000101
110001000000000011
110001010110100001
110001010000000011
110001101000001101
110001100000000011
110001111101101001
110001110000000011
110010000011001001
110010000000000011
110010010110101101
110010010000000011
110010101000000001
110010100000000011
110010111101100101
110010110000000011
110011000011001101
110011000000000011
110011010110101001
110011010000000011
110011101000000101
110011100000000011
110011111101100001
110011110000000011
110100000011010001
110100000000000011
110100010110110101
110100010000000011
110100101000011001
110100100000000011
110100111101111101
110100110000000011
110101000011010101
110101000000000011
110101010110110001
110101010000000011
110101101000011101
110101100000000011
110101111101111001
110101110000000011
110110000011011001
110110000000000011
110110010110111101
110110010000000011
110110101000010001
110110100000000011
110110111101110101
110110110000000011
110111000011011101
110111000000000011
110111010110111001
110111010000000011
110111101000010101
110111100000000011
110111111101110001
110111110000000011
111000000011100001
111000000000000011
111000010110000101
111000010000000011
111000101000101001
111000100000000011
111000111101001101
111000110000000011
111001000011100101
111001000000000011
111001010110000001
111001010000000011
111001101000101101
111001100000000011
111001111101001001
111001110000000011
111010000011101001
111010000000000011
111010010110001101
111010010000000011
111010101000100001
111010100000000011
111010111101000101
111010110000000011
111011000011101101
111011000000000011
111011010110001001
111011010000000011
111011101000100101
111011100000000011
111011111101000001
111011110000000011
111100000011110001
111100000000000011
111100010110010101
111100010000000011
111100101000111001
111100100000000011
111100111101011101
111100110000000011
111101000011110101
111101000000000011
111101010110010001
111101010000000011
111101101000111101
111101100000000011
111101111101011001
111101110000000011
111110000011111001
111110000000000011
111110010110011101
111110010000000011
111110101000110001
111110100000000011
111110111101010101
111110110000000011
111111000011111101
111111000000000011
111111010110011001
111111010000000011
111111101000110101
111111100000000011
111111111101010001
111111110000000011
.e