.i 17
.o 1
.ilb a0 a1 a2 a3 a4 a5 a6 a7 b0 b1 b2 b3 b4 b5 b6 b7 f0
.ob F
000000000000000001
000000010010111001
000000100101110001
000000110111001001
000001001011100001
000001011001011001
000001101110010001
000001111100101001
000010000101110101
000010010111001101
000010100000000101
000010110010111101
000011001110010101
000011011100101101
000011101011100101
000011111001011101
000100001011101001
000100011001010001
000100101110011001
000100111100100001
000101000000001001
000101010010110001
000101100101111001
000101110111000001
000110001110011101
000110011100100101
000110101011101101
000110111001010101
000111000101111101
000111010111000101
000111100000001101
000111110010110101
001000000101100101
001000010111011101
001000100000010101
001000110010101101
001001001110000101
001001011100111101
001001101011110101
001001111001001101
001010000000010001
001010010010101001
001010100101100001
001010110111011001
001011001011110001
001011011001001001
001011101110000001
001011111100111001
001100001110001101
001100011100110101
001100101011111101
001100111001000101
001101000101101101
001101010111010101
001101100000011101
001101110010100101
001110001011111001
001110011001000001
001110101110001001
001110111100110001
001111000000011001
001111010010100001
001111100101101001
001111110111010001
010000001011001001
010000011001110001
010000101110111001
010000111100000001
010001000000101001
010001010010010001
010001100101011001
010001110111100001
010010001110111101
010010011100000101
010010101011001101
010010111001110101
010011000101011101
010011010111100101
010011100000101101
010011110010010101
010100000000100001
010100010010011001
010100100101010001
010100110111101001
010101001011000001
010101011001111001
010101101110110001
010101111100001001
010110000101010101
010110010111101101
010110100000100101
010110110010011101
010111001110110101
010111011100001101
010111101011000101
010111111001111101
011000001110101101
011000011100010101
011000101011011101
011000111001100101
011001000101001101
011001010111110101
011001100000111101
011001110010000101
011010001011011001
011010011001100001
011010101110101001
011010111100010001
011011000000111001
011011010010000001
011011100101001001
011011110111110001
011100000101000101
011100010111111101
011100100000110101
011100110010001101
011101001110100101
011101011100011101
011101101011010101
011101111001101101
011110000000110001
011110010010001001
011110100101000001
011110110111111001
011111001011010001
011111011001101001
011111101110100001
011111111100011001
100000000100100101
100000010110011101
100000100001010101
100000110011101101
100001001111000101
100001011101111101
100001101010110101
100001111000001101
100010000001010001
100010010011101001
100010100100100001
100010110110011001
100011001010110001
100011011000001001
100011101111000001
100011111101111001
100100001111001101
100100011101110101
100100101010111101
100100111000000101
100101000100101101
100101010110010101
100101100001011101
100101110011100101
100110001010111001
100110011000000001
100110101111001001
100110111101110001
100111000001011001
100111010011100001
100111100100101001
100111110110010001
101000000001000001
101000010011111001
101000100100110001
101000110110001001
101001001010100001
101001011000011001
101001101111010001
101001111101101001
101010000100110101
101010010110001101
101010100001000101
101010110011111101
101011001111010101
101011011101101101
101011101010100101
101011111000011101
101100001010101001
101100011000010001
101100101111011001
101100111101100001
101101000001001001
101101010011110001
101101100100111001
101101110110000001
101110001111011101
101110011101100101
101110101010101101
101110111000010101
101111000100111101
101111010110000101
101111100001001101
101111110011110101
110000001111101101
110000011101010101
110000101010011101
110000111000100101
110001000100001101
110001010110110101
110001100001111101
110001110011000101
110010001010011001
110010011000100001
110010101111101001
110010111101010001
110011000001111001
110011010011000001
110011100100001001
110011110110110001
110100000100000101
110100010110111101
110100100001110101
110100110011001101
110101001111100101
110101011101011101
110101101010010101
110101111000101101
110110000001110001
110110010011001001
110110100100000001
110110110110111001
110111001010010001
110111011000101001
110111101111100001
110111111101011001
111000001010001001
111000011000110001
111000101111111001
111000111101000001
111001000001101001
111001010011010001
111001100100011001
111001110110100001
111010001111111101
111010011101000101
111010101010001101
111010111000110101
111011000100011101
111011010110100101
111011100001101101
111011110011010101
111100000001100001
111100010011011001
111100100100010001
111100110110101001
111101001010000001
111101011000111001
111101101111110001
111101111101001001
111110000100010101
111110010110101101
111110100001100101
111110110011011101
111111001111110101
111111011101001101
111111101010000101
111111111000111101
000000000000000011
000000011001001111
000000100110101111
000000111111100011
000001001101011011
000001010100010111
000001101011110111
000001110010111011
000010001110000111
000010010111001011
000010101000101011
000010110001100111
000011000011011111
000011011010010011
000011100101110011
000011111100111111
000100001000111111
000100010001110011
000100101110010011
000100110111011111
000101000101100111
000101011100101011
000101100011001011
000101111010000111
000110000110111011
000110011111110111
000110100000010111
000110111001011011
000111001011100011
000111010010101111
000111101101001111
000111110100000011
001000000101001111
001000011100000011
001000100011100011
001000111010101111
001001001000010111
001001010001011011
001001101110111011
001001110111110111
001010001011001011
001010010010000111
001010101101100111
001010110100101011
001011000110010011
001011011111011111
001011100000111111
001011111001110011
001100001101110011
001100010100111111
001100101011011111
001100110010010011
001101000000101011
001101011001100111
001101100110000111
001101111111001011
001110000011110111
001110011010111011
001110100101011011
001110111100010111
001111001110101111
001111010111100011
001111101000000011
001111110001001111
010000001010011011
010000010011010111
010000101100110111
010000110101111011
010001000111000011
010001011110001111
010001100001101111
010001111000100011
010010000100011111
010010011101010011
010010100010110011
010010111011111111
010011001001000111
010011010000001011
010011101111101011
010011110110100111
010100000010100111
010100011011101011
010100100100001011
010100111101000111
010101001111111111
010101010110110011
010101101001010011
010101110000011111
010110001100100011
010110010101101111
010110101010001111
010110110011000011
010111000001111011
010111011000110111
010111100111010111
010111111110011011
011000001111010111
011000010110011011
011000101001111011
011000110000110111
011001000010001111
011001011011000011
011001100100100011
011001111101101111
011010000001010011
011010011000011111
011010100111111111
011010111110110011
011011001100001011
011011010101000111
011011101010100111
011011110011101011
011100000111101011
011100011110100111
011100100001000111
011100111000001011
011101001010110011
011101010011111111
011101101100011111
011101110101010011
011110001001101111
011110010000100011
011110101111000011
011110110110001111
011111000100110111
011111011101111011
011111100010011011
011111111011010111
100000000000000111
100000011001001011
100000100110101011
100000111111100111
100001001101011111
100001010100010011
100001101011110011
100001110010111111
100010001110000011
100010010111001111
100010101000101111
100010110001100011
100011000011011011
100011011010010111
100011100101110111
100011111100111011
100100001000111011
100100010001110111
100100101110010111
100100110111011011
100101000101100011
100101011100101111
100101100011001111
100101111010000011
100110000110111111
100110011111110011
100110100000010011
100110111001011111
100111001011100111
100111010010101011
100111101101001011
100111110100000111
101000000101001011
101000011100000111
101000100011100111
101000111010101011
101001001000010011
101001010001011111
101001101110111111
101001110111110011
101010001011001111
101010010010000011
101010101101100011
101010110100101111
101011000110010111
101011011111011011
101011100000111011
101011111001110111
101100001101110111
101100010100111011
101100101011011011
101100110010010111
101101000000101111
101101011001100011
101101100110000011
101101111111001111
101110000011110011
101110011010111111
101110100101011111
101110111100010011
101111001110101011
101111010111100111
101111101000000111
101111110001001011
110000001010011111
110000010011010011
110000101100110011
110000110101111111
110001000111000111
110001011110001011
110001100001101011
110001111000100111
110010000100011011
110010011101010111
110010100010110111
110010111011111011
110011001001000011
110011010000001111
110011101111101111
110011110110100011
110100000010100011
110100011011101111
110100100100001111
110100111101000011
110101001111111011
110101010110110111
110101101001010111
110101110000011011
110110001100100111
110110010101101011
110110101010001011
110110110011000111
110111000001111111
110111011000110011
110111100111010011
110111111110011111
111000001111010011
111000010110011111
111000101001111111
111000110000110011
111001000010001011
111001011011000111
111001100100100111
111001111101101011
111010000001010111
111010011000011011
111010100111111011
111010111110110111
111011001100001111
111011010101000011
111011101010100011
111011110011101111
111100000111101111
111100011110100011
111100100001000011
111100111000001111
111101001010110111
111101010011111011
111101101100011011
111101110101010111
111110001001101011
111110010000100111
111110101111000111
111110110110001011
111111000100110011
111111011101111111
111111100010011111
111111111011010011
.e