.i 41
.o 1
.ilb a0 a1 a2 a3 a4 a5 a6 a7 a8 b0 b1 b2 b3 b4 b5 b6 b7 b8 b9 b10 b11 b12 b13 b14 b15 b16 b17 b18 b19 b20 b21 b22 b23 b24 b25 b26 b27 b28 b29 b30 b31
.ob F
100000000000000000000000000000000000000001
100000001101000001111010111111100001011101
100000010011011011100011111010101010111001
100000011110011010011001000101001011100101
100000100110110101010001110000111101110001
100000101011110100101011001111011100101101
100000110101101110110010001010010111001001
100000111000101111001000110101110110010101
100001000100110010110101100100011010111011
100001001001110011001111011011111011100111
100001010111101001010110011110110000000011
100001011010101000101100100001010001011111
100001100010000111100100010100100111001011
100001101111000110011110101011000110010111
100001110001011100000111101110001101110011
100001111100011101111101010001101100101111
100010000000111111101011001000110101110101
100010001101111110010001110111010100101001
100010010011100100001000110010011111001101
100010011110100101110010001101111110010001
100010100110001010111010111000001000000101
100010101011001011000000000111101001011001
100010110101010001011001000010100010111101
100010111000010000100011111101000011100001
100011000100001101011110101100101111001111
100011001001001100100100010011001110010011
100011010111010110111101010110000101110111
100011011010010111000111101001100100101011
100011100010111000001111011100010010111111
100011101111111001110101100011110011100011
100011110001100011101100100110111000000111
100011111100100010010110011001011001011011
100100000001111101000000110001100010110011
100100001100111100111010001110000011101111
100100010010100110100011001011001000001011
100100011111100111011001110100101001010111
100100100111001000010001000001011111000011
100100101010001001101011111110111110011111
100100110100010011110010111011110101111011
100100111001010010001000000100010100100111
100101000101001111110101010101111000001001
100101001000001110001111101010011001010101
100101010110010100010110101111010010110001
100101011011010101101100010000110011101101
100101100011111010100100100101000101111001
100101101110111011011110011010100100100101
100101110000100001000111011111101111000001
100101111101100000111101100000001110011101
100110000001000010101011111001010111000111
100110001100000011010001000110110110011011
100110010010011001001000000011111101111111
100110011111011000110010111100011100100011
100110100111110111111010001001101010110111
100110101010110110000000110110001011101011
100110110100101100011001110011000000001111
100110111001101101100011001100100001010011
100111000101110000011110011101001101111101
100111001000110001100100100010101100100001
100111010110101011111101100111100111000101
100111011011101010000111011000000110011001
100111100011000101001111101101110000001101
100111101110000100110101010010010001010001
100111110000011110101100010111011010110101
100111111101011111010110101000111011101001
101000000011111000010111100110101101100101
101000001110111001101101011001001100111001
101000010000100011110100011100000111011101
101000011101100010001110100011100110000001
101000100101001101000110010110010000010101
101000101000001100111100101001110001001001
101000110110010110100101101100111010101101
101000111011010111011111010011011011110001
101001000111001010100010000010110111011111
101001001010001011011000111101010110000011
101001010100010001000001111000011101100111
101001011001010000111011000111111100111011
101001100001111111110011110010001010101111
101001101100111110001001001101101011110011
101001110010100100010000001000100000010111
101001111111100101101010110111000001001011
101010000011000111111100101110011000010001
101010001110000110000110010001111001001101
101010010000011100011111010100110010101001
101010011101011101100101101011010011110101
101010100101110010101101011110100101100001
101010101000110011010111100001000100111101
101010110110101001001110100100001111011001
101010111011101000110100011011101110000101
101011000111110101001001001010000010101011
101011001010110100110011110101100011110111
101011010100101110101010110000101000010011
101011011001101111010000001111001001001111
101011100001000000011000111010111111011011
101011101100000001100010000101011110000111
101011110010011011111011000000010101100011
101011111111011010000001111111110100111111
101100000010000101010111010111001111010111
101100001111000100101101101000101110001011
101100010001011110110100101101100101101111
101100011100011111001110010010000100110011
101100100100110000000110100111110010100111
101100101001110001111100011000010011111011
101100110111101011100101011101011000011111
101100111010101010011111100010111001000011
101101000110110111100010110011010101101101
101101001011110110011000001100110100110001
101101010101101100000001001001111111010101
101101011000101101111011110110011110001001
101101100000000010110011000011101000011101
101101101101000011001001111100001001000001
101101110011011001010000111001000010100101
101101111110011000101010000110100011111001
101110000010111010111100011111111010100011
101110001111111011000110100000011011111111
101110010001100001011111100101010000011011
101110011100100000100101011010110001000111
101110100100001111101101101111000111010011
101110101001001110010111010000100110001111
101110110111010100001110010101101101101011
101110111010010101110100101010001100110111
101111000110001000001001111011100000011001
101111001011001001110011000100000001000101
101111010101010011101010000001001010100001
101111011000010010010000111110101011111101
101111100000111101011000001011011101101001
101111101101111100100010110100111100110101
101111110011100110111011110001110111010001
101111111110100111000001001110010110001101
110000000111110000101111001101010010010011
110000001010110001010101110010110011001111
110000010100101011001100110111111000101011
110000011001101010110110001000011001110111
110000100001000101111110111101101111100011
110000101100000100000100000010001110111111
110000110010011110011101000111000101011011
110000111111011111100111111000100100000111
110001000011000010011010101001001000101001
110001001110000011100000010110101001110101
110001010000011001111001010011100010010001
110001011101011000000011101100000011001101
110001100101110111001011011001110101011001
110001101000110110110001100110010100000101
110001110110101100101000100011011111100001
110001111011101101010010011100111110111101
110010000111001111000100000101100111100111
110010001010001110111110111010000110111011
110010010100010100100111111111001101011111
110010011001010101011101000000101100000011
110010100001111010010101110101011010010111
110010101100111011101111001010111011001011
110010110010100001110110001111110000101111
110010111111100000001100110000010001110011
110011000011111101110001100001111101011101
110011001110111100001011011110011100000001
110011010000100110010010011011010111100101
110011011101100111101000100100110110111001
110011100101001000100000010001000000101101
110011101000001001011010101110100001110001
110011110110010011000011101011101010010101
110011111011010010111001010100001011001001
110100000110001101101111111100110000100001
110100001011001100010101000011010001111101
110100010101010110001100000110011010011001
110100011000010111110110111001111011000101
110100100000111000111110001100001101010001
110100101101111001000100110011101100001101
110100110011100011011101110110100111101001
110100111110100010100111001001000110110101
110101000010111111011010011000101010011011
110101001111111110100000100111001011000111
110101010001100100111001100010000000100011
110101011100100101000011011101100001111111
110101100100001010001011101000010111101011
110101101001001011110001010111110110110111
110101110111010001101000010010111101010011
110101111010010000010010101101011100001111
110110000110110010000100110100000101010101
110110001011110011111110001011100100001001
110110010101101001100111001110101111101101
110110011000101000011101110001001110110001
110110100000000111010101000100111000100101
110110101101000110101111111011011001111001
110110110011011100110110111110010010011101
110110111110011101001100000001110011000001
110111000010000000110001010000011111101111
110111001111000001001011101111111110110011
110111010001011011010010101010110101010111
110111011100011010101000010101010100001011
110111100100110101100000100000100010011111
110111101001110100011010011111000011000011
110111110111101110000011011010001000100111
110111111010101111111001100101101001111011
111000000100001000111000101011111111110111
111000001001001001000010010100011110101011
111000010111010011011011010001010101001111
111000011010010010100001101110110100010011
111000100010111101101001011011000010000111
111000101111111100010011100100100011011011
111000110001100110001010100001101000111111
111000111100100111110000011110001001100011
111001000000111010001101001111100101001101
111001001101111011110111110000000100010001
111001010011100001101110110101001111110101
111001011110100000010100001010101110101001
111001100110001111011100111111011000111101
111001101011001110100110000000111001100001
111001110101010100111111000101110010000101
111001111000010101000101111010010011011001
111010000100110111010011100011001010000011
111010001001110110101001011100101011011111
111010010111101100110000011001100000111011
111010011010101101001010100110000001100111
111010100010000010000010010011110111110011
111010101111000011111000101100010110101111
111010110001011001100001101001011101001011
111010111100011000011011010110111100010111
111011000000000101100110000111010000111001
111011001101000100011100111000110001100101
111011010011011110000101111101111010000001
111011011110011111111111000010011011011101
111011100110110000110111110111101101001001
111011101011110001001101001000001100010101
111011110101101011010100001101000111110001
111011111000101010101110110010100110101101
111100000101110101111000011010011101000101
111100001000110100000010100101111100011001
111100010110101110011011100000110111111101
111100011011101111100001011111010110100001
111100100011000000101001101010100000110101
111100101110000001010011010101000001101001
111100110000011011001010010000001010001101
111100111101011010110000101111101011010001
111101000001000111001101111110000111111111
111101001100000110110111000001100110100011
111101010010011100101110000100101101000111
111101011111011101010100111011001100011011
111101100111110010011100001110111010001111
111101101010110011100110110001011011010011
111101110100101001111111110100010000110111
111101111001101000000101001011110001101011
111110000101001010010011010010101000110001
111110001000001011101001101101001001101101
111110010110010001110000101000000010001001
111110011011010000001010010111100011010101
111110100011111111000010100010010101000001
111110101110111110111000011101110100011101
111110110000100100100001011000111111111001
111110111101100101011011100111011110100101
111111000001111000100110110110110010001011
111111001100111001011100001001010011010111
111111010010100011000101001100011000110011
111111011111100010111111110011111001101111
111111100111001101110111000110001111111011
111111101010001100001101111001101110100111
111111110100010110010100111100100101000011
111111111001010111101110000011000100011111
000000000000000000000000000000000000000001
000000001010110111111100001111111100100111
000000010101101101011110111111110011010111
000000011111011010100010110000001111110001
000000100001000010011011110110001110101101
000000101011110101100111111001110010001011
000000110100101111000101001001111101111011
000000111110011000111001000110000001011101
000001000010000100110111000101111111000011
000001001000110011001011001010000011100101
000001010111101001101001111010001100010101
000001011101011110010101110101110000110011
000001100011000110101100110011110001101111
000001101001110001010000111100001101001001
000001110110101011110010001100000010111001
000001111100011100001110000011111110011111
000010000100001001101110001011110100011111
000010001110111110010010000100001000111001
000010010001100100110000110100000111001001
000010011011010011001100111011111011101111
000010100101001011110101111101111010110011
000010101111111100001001110010000110010101
000010110000100110101011000010001001100101
000010111010010001010111001101110101000011
000011000110001101011001001110001011011101
000011001100111010100101000001110111111011
000011010011100000000111110001111000001011
000011011001010111111011111110000100101101
000011100111001111000010111000000101110001
000011101101111000111110110111111001010111
000011110010100010011100000111110110100111
000011111000010101100000001000001010000001
000100000010001011111010110111100010100111
000100001000111100000110111000011110000001
000100010111100110100100001000010001110001
000100011101010001011000000111101101010111
000100100011001001100001000001101100001011
000100101001111110011101001110010000101101
000100110110100100111111111110011111011101
000100111100010011000011110001100011111011
000101000000001111001101110010011101100101
000101001010111000110001111101100001000011
000101010101100010010011001101101110110011
000101011111010101101111000010010010010101
000101100001001101010110000100010011001001
000101101011111010101010001011101111101111
000101110100100000001000111011100000011111
000101111110010111110100110100011100111001
000110000110000010010100111100010110111001
000110001100110101101000110011101010011111
000110010011101111001010000011100101101111
000110011001011000110110001100011001001001
000110100111000000001111001010011000010101
000110101101110111110011000101100100110011
000110110010101101010001110101101011000011
000110111000011010101101111010010111100101
000111000100000110100011111001101001111011
000111001110110001011111110110010101011101
000111010001101011111101000110011010101101
000111011011011100000001001001100110001011
000111100101000100111000001111100111010111
000111101111110011000100000000011011110001
000111110000101001100110110000010100000001
000111111010011110011010111111101000100111
001000000100010101010011100110101101001101
001000001110100010101111101001010001101011
001000010001111000001101011001011110011011
001000011011001111110001010110100010111101
001000100101010111001000010000100011100001
001000101111100000110100011111011111000111
001000110000111010010110101111010000110111
001000111010001101101010100000101100010001
001001000110010001100100100011010010001111
001001001100100110011000101100101110101001
001001010011111100111010011100100001011001
001001011001001011000110010011011101111111
001001100111010011111111010101011100100011
001001101101100100000011011010100000000101
001001110010111110100001101010101111110101
001001111000001001011101100101010011010011
001010000000011100111101101101011001010011
001010001010101011000001100010100101110101
001010010101110001100011010010101010000101
001010011111000110011111011101010110100011
001010100001011110100110011011010111111111
001010101011101001011010010100101011011001
001010110100110011111000100100100100101001
001010111110000100000100101011011000001111
001011000010011000001010101000100110010001
001011001000101111110110100111011010110111
001011010111110101010100010111010101000111
001011011101000010101000011000101001100001
001011100011011010010001011110101000111101
001011101001101101101101010001010100011011
001011110110110111001111100001011011101011
001011111100000000110011101110100111001101
001100000110011110101001010001001111101011
001100001100101001010101011110110011001101
001100010011110011110111101110111100111101
001100011001000100001011100001000000011011
001100100111011100110010100111000001000111
001100101101101011001110101000111101100001
001100110010110001101100011000110010010001
001100111000000110010000010111001110110111
001101000100011010011110010100110000101001
001101001110101101100010011011001100001111
001101010001110111000000101011000011111111
001101011011000000111100100100111111011001
001101100101011000000101100010111110000101
001101101111101111111001101101000010100011
001101110000110101011011011101001101010011
001101111010000010100111010010110001110101
001110000010010111000111011010111011110101
001110001000100000111011010101000111010011
001110010111111010011001100101001000100011
001110011101001101100101101010110100000101
001110100011010101011100101100110101011001
001110101001100010100000100011001001111111
001110110110111000000010010011000110001111
001110111100001111111110011100111010101001
001111000000010011110000011111000100110111
001111001010100100001100010000111000010001
001111010101111110101110100000110111100001
001111011111001001010010101111001011000111
001111100001010001101011101001001010011011
001111101011100110010111100110110110111101
001111110100111100110101010110111001001101
001111111110001011001001011001000101101011
010000000010110010000001101101010000000011
010000001000000101111101100010101100100101
010000010111011111011111010010100011010101
010000011101101000100011011101011111110011
010000100011110000011010011011011110101111
010000101001000111100110010100100010001001
010000110110011101000100100100101101111001
010000111100101010111000101011010001011111
010001000000110110110110101000101111000001
010001001010000001001010100111010011100111
010001010101011011101000010111011100010111
010001011111101100010100011000100000110001
010001100001110100101101011110100001101101
010001101011000011010001010001011101001011
010001110100011001110011100001010010111011
010001111110101110001111101110101110011101
010010000110111011101111100110100100011101
010010001100001100010011101001011000111011
010010010011010110110001011001010111001011
010010011001100001001101010110101011101101
010010100111111001110100010000101010110001
010010101101001110001000011111010110010111
010010110010010100101010101111011001100111
010010111000100011010110100000100101000001
010011000100111111011000100011011011011111
010011001110001000100100101100100111111001
010011010001010010000110011100101000001001
010011011011100101111010010011010100101111
010011100101111101000011010101010101110011
010011101111001010111111011010101001010101
010011110000010000011101101010100110100101
010011111010100111100001100101011010000011
010100000000111001111011011010110010100101
010100001010001110000111010101001110000011
010100010101010100100101100101000001110011
010100011111100011011001101010111101010101
010100100001111011100000101100111100001001
010100101011001100011100100011000000101111
010100110100010110111110010011001111011111
010100111110100001000010011100110011111001
010101000010111101001100011111001101100111
010101001000001010110000010000110001000001
010101010111010000010010100000111110110001
010101011101100111101110101111000010010111
010101100011111111010111101001000011001011
010101101001001000101011100110111111101101
010101110110010010001001010110110000011101
010101111100100101110101011001001100111011
010110000100110000010101010001000110111011
010110001110000111101001011110111010011101
010110010001011101001011101110110101101101
010110011011101010110111100001001001001011
010110100101110010001110100111001000010111
010110101111000101110010101000110100110001
010110110000011111010000011000111011000001
010110111010101000101100010111000111100111
010111000110110100100010010100111001111001
010111001100000011011110011011000101011111
010111010011011001111100101011001010101111
010111011001101110000000100100110110001001
010111100111110110111001100010110111010101
010111101101000001000101101101001011110011
010111110010011011100111011101000100000011
010111111000101100011011010010111000100101
011000000110100111010010001011111101001111
011000001100010000101110000100000001101001
011000010011001010001100110100001110011001
011000011001111101110000111011110010111111
011000100111100101001001111101110011100011
011000101101010010110101110010001111000101
011000110010001000010111000010000000110101
011000111000111111101011001101111100010011
011001000100100011100101001110000010001101
011001001110010100011001000001111110101011
011001010001001110111011110001110001011011
011001011011111001000111111110001101111101
011001100101100001111110111000001100100001
011001101111010110000010110111110000000111
011001110000001100100000000111111111110111
011001111010111011011100001000000011010001
011010000010101110111100000000001001010001
011010001000011001000000001111110101110111
011010010111000011100010111111111010000111
011010011101110100011110110000000110100001
011010100011101100100111110110000111111101
011010101001011011011011111001111011011011
011010110110000001111001001001110100101011
011010111100110110000101000110001000001101
011011000000101010001011000101110110010011
011011001010011101110111001010001010110101
011011010101000111010101111010000101000101
011011011111110000101001110101111001100011
011011100001101000010000110011111000111111
011011101011011111101100111100000100011001
011011110100000101001110001100001011101001
011011111110110010110010000011110111001111
011100000100101100101000111100011111101001
011100001110011011010100110011100011001111
011100010001000001110110000011101100111111
011100011011110110001010001100010000011001
011100100101101110110011001010010001000101
011100101111011001001111000101101101100011
011100110000000011101101110101100010010011
011100111010110100010001111010011110110101
011101000110101000011111111001100000101011
011101001100011111100011110110011100001101
011101010011000101000001000110010011111101
011101011001110010111101001001101111011011
011101100111101010000100001111101110000111
011101101101011101111000000000010010100001
011101110010000111011010110000011101010001
011101111000110000100110111111100001110111
011110000000100101000110110111101011110111
011110001010010010111010111000010111010001
011110010101001000011000001000011000100001
011110011111111111100100000111100100000111
011110100001100111011101000001100101011011
011110101011010000100001001110011001111101
011110110100001010000011111110010110001101
011110111110111101111111110001101010101011
011111000010100001110001110010010100110101
011111001000010110001101111101101000010011
011111010111001100101111001101100111100011
011111011101111011010011000010011011000101
011111100011100011101010000100011010011001
011111101001010100010110001011100110111111
011111110110001110110100111011101001001111
011111111100111001001000110100010101101001
.e