.i 16
.o 1
.ilb a0 a1 a2 a3 a4 a5 a6 a7 b0 b1 b2 b3 b4 b5 b6 b7
.ob F
00000000000000001
00000001011011011
00000010110110101
00000011101101111
00000100011101111
00000101000110101
00000110101011011
00000111110000001
00001000111011101
00001001100000111
00001010001101001
00001011010110011
00001100100110011
00001101111101001
00001110010000111
00001111001011101
00010000000111111
00010001011100101
00010010110001011
00010011101010001
00010100011010001
00010101000001011
00010110101100101
00010111110111111
00011000111100011
00011001100111001
00011010001010111
00011011010001101
00011100100001101
00011101111010111
00011110010111001
00011111001100011
00100000001111101
00100001010100111
00100010111001001
00100011100010011
00100100010010011
00100101001001001
00100110100100111
00100111111111101
00101000110100001
00101001101111011
00101010000010101
00101011011001111
00101100101001111
00101101110010101
00101110011111011
00101111000100001
00110000001000011
00110001010011001
00110010111110111
00110011100101101
00110100010101101
00110101001110111
00110110100011001
00110111111000011
00111000110011111
00111001101000101
00111010000101011
00111011011110001
00111100101110001
00111101110101011
00111110011000101
00111111000011111
01000000011111001
01000001000100011
01000010101001101
01000011110010111
01000100000010111
01000101011001101
01000110110100011
01000111101111001
01001000100100101
01001001111111111
01001010010010001
01001011001001011
01001100111001011
01001101100010001
01001110001111111
01001111010100101
01010000011000111
01010001000011101
01010010101110011
01010011110101001
01010100000101001
01010101011110011
01010110110011101
01010111101000111
01011000100011011
01011001111000001
01011010010101111
01011011001110101
01011100111110101
01011101100101111
01011110001000001
01011111010011011
01100000010000101
01100001001011111
01100010100110001
01100011111101011
01100100001101011
01100101010110001
01100110111011111
01100111100000101
01101000101011001
01101001110000011
01101010011101101
01101011000110111
01101100110110111
01101101101101101
01101110000000011
01101111011011001
01110000010111011
01110001001100001
01110010100001111
01110011111010101
01110100001010101
01110101010001111
01110110111100001
01110111100111011
01111000101100111
01111001110111101
01111010011010011
01111011000001001
01111100110001001
01111101101010011
01111110000111101
01111111011100111
10000000111110001
10000001100101011
10000010001000101
10000011010011111
10000100100011111
10000101111000101
10000110010101011
10000111001110001
10001000000101101
10001001011110111
10001010110011001
10001011101000011
10001100011000011
10001101000011001
10001110101110111
10001111110101101
10010000111001111
10010001100010101
10010010001111011
10010011010100001
10010100100100001
10010101111111011
10010110010010101
10010111001001111
10011000000010011
10011001011001001
10011010110100111
10011011101111101
10011100011111101
10011101000100111
10011110101001001
10011111110010011
10100000110001101
10100001101010111
10100010000111001
10100011011100011
10100100101100011
10100101110111001
10100110011010111
10100111000001101
10101000001010001
10101001010001011
10101010111100101
10101011100111111
10101100010111111
10101101001100101
10101110100001011
10101111111010001
10110000110110011
10110001101101001
10110010000000111
10110011011011101
10110100101011101
10110101110000111
10110110011101001
10110111000110011
10111000001101111
10111001010110101
10111010111011011
10111011100000001
10111100010000001
10111101001011011
10111110100110101
10111111111101111
11000000100001001
11000001111010011
11000010010111101
11000011001100111
11000100111100111
11000101100111101
11000110001010011
11000111010001001
11001000011010101
11001001000001111
11001010101100001
11001011110111011
11001100000111011
11001101011100001
11001110110001111
11001111101010101
11010000100110111
11010001111101101
11010010010000011
11010011001011001
11010100111011001
11010101100000011
11010110001101101
11010111010110111
11011000011101011
11011001000110001
11011010101011111
11011011110000101
11011100000000101
11011101011011111
11011110110110001
11011111101101011
11100000101110101
11100001110101111
11100010011000001
11100011000011011
11100100110011011
11100101101000001
11100110000101111
11100111011110101
11101000010101001
11101001001110011
11101010100011101
11101011111000111
11101100001000111
11101101010011101
11101110111110011
11101111100101001
11110000101001011
11110001110010001
11110010011111111
11110011000100101
11110100110100101
11110101101111111
11110110000010001
11110111011001011
11111000010010111
11111001001001101
11111010100100011
11111011111111001
11111100001111001
11111101010100011
11111110111001101
11111111100010111
.e