.i 17
.o 1
.ilb a0 a1 a2 a3 a4 a5 a6 a7 a8 b0 b1 b2 b3 b4 b5 b6 b7
.ob F
100000000000000001
100000001101000001
100000010011011011
100000011110011011
100000100110110101
100000101011110101
100000110101101111
100000111000101111
100001000100110011
100001001001110011
100001010111101001
100001011010101001
100001100010000111
100001101111000111
100001110001011101
100001111100011101
100010000000111111
100010001101111111
100010010011100101
100010011110100101
100010100110001011
100010101011001011
100010110101010001
100010111000010001
100011000100001101
100011001001001101
100011010111010111
100011011010010111
100011100010111001
100011101111111001
100011110001100011
100011111100100011
100100000001111101
100100001100111101
100100010010100111
100100011111100111
100100100111001001
100100101010001001
100100110100010011
100100111001010011
100101000101001111
100101001000001111
100101010110010101
100101011011010101
100101100011111011
100101101110111011
100101110000100001
100101111101100001
100110000001000011
100110001100000011
100110010010011001
100110011111011001
100110100111110111
100110101010110111
100110110100101101
100110111001101101
100111000101110001
100111001000110001
100111010110101011
100111011011101011
100111100011000101
100111101110000101
100111110000011111
100111111101011111
101000000011111001
101000001110111001
101000010000100011
101000011101100011
101000100101001101
101000101000001101
101000110110010111
101000111011010111
101001000111001011
101001001010001011
101001010100010001
101001011001010001
101001100001111111
101001101100111111
101001110010100101
101001111111100101
101010000011000111
101010001110000111
101010010000011101
101010011101011101
101010100101110011
101010101000110011
101010110110101001
101010111011101001
101011000111110101
101011001010110101
101011010100101111
101011011001101111
101011100001000001
101011101100000001
101011110010011011
101011111111011011
101100000010000101
101100001111000101
101100010001011111
101100011100011111
101100100100110001
101100101001110001
101100110111101011
101100111010101011
101101000110110111
101101001011110111
101101010101101101
101101011000101101
101101100000000011
101101101101000011
101101110011011001
101101111110011001
101110000010111011
101110001111111011
101110010001100001
101110011100100001
101110100100001111
101110101001001111
101110110111010101
101110111010010101
101111000110001001
101111001011001001
101111010101010011
101111011000010011
101111100000111101
101111101101111101
101111110011100111
101111111110100111
110000000111110001
110000001010110001
110000010100101011
110000011001101011
110000100001000101
110000101100000101
110000110010011111
110000111111011111
110001000011000011
110001001110000011
110001010000011001
110001011101011001
110001100101110111
110001101000110111
110001110110101101
110001111011101101
110010000111001111
110010001010001111
110010010100010101
110010011001010101
110010100001111011
110010101100111011
110010110010100001
110010111111100001
110011000011111101
110011001110111101
110011010000100111
110011011101100111
110011100101001001
110011101000001001
110011110110010011
110011111011010011
110100000110001101
110100001011001101
110100010101010111
110100011000010111
110100100000111001
110100101101111001
110100110011100011
110100111110100011
110101000010111111
110101001111111111
110101010001100101
110101011100100101
110101100100001011
110101101001001011
110101110111010001
110101111010010001
110110000110110011
110110001011110011
110110010101101001
110110011000101001
110110100000000111
110110101101000111
110110110011011101
110110111110011101
110111000010000001
110111001111000001
110111010001011011
110111011100011011
110111100100110101
110111101001110101
110111110111101111
110111111010101111
111000000100001001
111000001001001001
111000010111010011
111000011010010011
111000100010111101
111000101111111101
111000110001100111
111000111100100111
111001000000111011
111001001101111011
111001010011100001
111001011110100001
111001100110001111
111001101011001111
111001110101010101
111001111000010101
111010000100110111
111010001001110111
111010010111101101
111010011010101101
111010100010000011
111010101111000011
111010110001011001
111010111100011001
111011000000000101
111011001101000101
111011010011011111
111011011110011111
111011100110110001
111011101011110001
111011110101101011
111011111000101011
111100000101110101
111100001000110101
111100010110101111
111100011011101111
111100100011000001
111100101110000001
111100110000011011
111100111101011011
111101000001000111
111101001100000111
111101010010011101
111101011111011101
111101100111110011
111101101010110011
111101110100101001
111101111001101001
111110000101001011
111110001000001011
111110010110010001
111110011011010001
111110100011111111
111110101110111111
111110110000100101
111110111101100101
111111000001111001
111111001100111001
111111010010100011
111111011111100011
111111100111001101
111111101010001101
111111110100010111
111111111001010111
000000000000000001
000000001010110111
000000010101101101
000000011111011011
000000100001000011
000000101011110101
000000110100101111
000000111110011001
000001000010000101
000001001000110011
000001010111101001
000001011101011111
000001100011000111
000001101001110001
000001110110101011
000001111100011101
000010000100001001
000010001110111111
000010010001100101
000010011011010011
000010100101001011
000010101111111101
000010110000100111
000010111010010001
000011000110001101
000011001100111011
000011010011100001
000011011001010111
000011100111001111
000011101101111001
000011110010100011
000011111000010101
000100000010001011
000100001000111101
000100010111100111
000100011101010001
000100100011001001
000100101001111111
000100110110100101
000100111100010011
000101000000001111
000101001010111001
000101010101100011
000101011111010101
000101100001001101
000101101011111011
000101110100100001
000101111110010111
000110000110000011
000110001100110101
000110010011101111
000110011001011001
000110100111000001
000110101101110111
000110110010101101
000110111000011011
000111000100000111
000111001110110001
000111010001101011
000111011011011101
000111100101000101
000111101111110011
000111110000101001
000111111010011111
001000000100010101
001000001110100011
001000010001111001
001000011011001111
001000100101010111
001000101111100001
001000110000111011
001000111010001101
001001000110010001
001001001100100111
001001010011111101
001001011001001011
001001100111010011
001001101101100101
001001110010111111
001001111000001001
001010000000011101
001010001010101011
001010010101110001
001010011111000111
001010100001011111
001010101011101001
001010110100110011
001010111110000101
001011000010011001
001011001000101111
001011010111110101
001011011101000011
001011100011011011
001011101001101101
001011110110110111
001011111100000001
001100000110011111
001100001100101001
001100010011110011
001100011001000101
001100100111011101
001100101101101011
001100110010110001
001100111000000111
001101000100011011
001101001110101101
001101010001110111
001101011011000001
001101100101011001
001101101111101111
001101110000110101
001101111010000011
001110000010010111
001110001000100001
001110010111111011
001110011101001101
001110100011010101
001110101001100011
001110110110111001
001110111100001111
001111000000010011
001111001010100101
001111010101111111
001111011111001001
001111100001010001
001111101011100111
001111110100111101
001111111110001011
010000000010110011
010000001000000101
010000010111011111
010000011101101001
010000100011110001
010000101001000111
010000110110011101
010000111100101011
010001000000110111
010001001010000001
010001010101011011
010001011111101101
010001100001110101
010001101011000011
010001110100011001
010001111110101111
010010000110111011
010010001100001101
010010010011010111
010010011001100001
010010100111111001
010010101101001111
010010110010010101
010010111000100011
010011000100111111
010011001110001001
010011010001010011
010011011011100101
010011100101111101
010011101111001011
010011110000010001
010011111010100111
010100000000111001
010100001010001111
010100010101010101
010100011111100011
010100100001111011
010100101011001101
010100110100010111
010100111110100001
010101000010111101
010101001000001011
010101010111010001
010101011101100111
010101100011111111
010101101001001001
010101110110010011
010101111100100101
010110000100110001
010110001110000111
010110010001011101
010110011011101011
010110100101110011
010110101111000101
010110110000011111
010110111010101001
010111000110110101
010111001100000011
010111010011011001
010111011001101111
010111100111110111
010111101101000001
010111110010011011
010111111000101101
011000000110100111
011000001100010001
011000010011001011
011000011001111101
011000100111100101
011000101101010011
011000110010001001
011000111000111111
011001000100100011
011001001110010101
011001010001001111
011001011011111001
011001100101100001
011001101111010111
011001110000001101
011001111010111011
011010000010101111
011010001000011001
011010010111000011
011010011101110101
011010100011101101
011010101001011011
011010110110000001
011010111100110111
011011000000101011
011011001010011101
011011010101000111
011011011111110001
011011100001101001
011011101011011111
011011110100000101
011011111110110011
011100000100101101
011100001110011011
011100010001000001
011100011011110111
011100100101101111
011100101111011001
011100110000000011
011100111010110101
011101000110101001
011101001100011111
011101010011000101
011101011001110011
011101100111101011
011101101101011101
011101110010000111
011101111000110001
011110000000100101
011110001010010011
011110010101001001
011110011111111111
011110100001100111
011110101011010001
011110110100001011
011110111110111101
011111000010100001
011111001000010111
011111010111001101
011111011101111011
011111100011100011
011111101001010101
011111110110001111
011111111100111001
.e