.i 17
.o 1
.ilb a0 a1 a2 a3 a4 a5 a6 a7 b0 b1 b2 b3 b4 b5 b6 b7 f0
.ob F
000000000000000001
000000000000000011
000000010101011001
000000010000000011
000000101010110001
000000100000000011
000000111111101001
000000110000000011
000001000011110101
000001000000000011
000001010110101101
000001010000000011
000001101001000101
000001100000000011
000001111100011101
000001110000000011
000010000111101001
000010000000000011
000010010010110001
000010010000000011
000010101101011001
000010100000000011
000010111000000001
000010110000000011
000011000100011101
000011000000000011
000011010001000101
000011010000000011
000011101110101101
000011100000000011
000011111011110101
000011110000000011
000100001111010001
000100000000000011
000100011010001001
000100010000000011
000100100101100001
000100100000000011
000100110000111001
000100110000000011
000101001100100101
000101000000000011
000101011001111101
000101010000000011
000101100110010101
000101100000000011
000101110011001101
000101110000000011
000110001000111001
000110000000000011
000110011101100001
000110010000000011
000110100010001001
000110100000000011
000110110111010001
000110110000000011
000111001011001101
000111000000000011
000111011110010101
000111010000000011
000111100001111101
000111100000000011
000111110100100101
000111110000000011
001000001000110101
001000000000000011
001000011101101101
001000010000000011
001000100010000101
001000100000000011
001000110111011101
001000110000000011
001001001011000001
001001000000000011
001001011110011001
001001010000000011
001001100001110001
001001100000000011
001001110100101001
001001110000000011
001010001111011101
001010000000000011
001010011010000101
001010010000000011
001010100101101101
001010100000000011
001010110000110101
001010110000000011
001011001100101001
001011000000000011
001011011001110001
001011010000000011
001011100110011001
001011100000000011
001011110011000001
001011110000000011
001100000111100101
001100000000000011
001100010010111101
001100010000000011
001100101101010101
001100100000000011
001100111000001101
001100110000000011
001101000100010001
001101000000000011
001101010001001001
001101010000000011
001101101110100001
001101100000000011
001101111011111001
001101110000000011
001110000000001101
001110000000000011
001110010101010101
001110010000000011
001110101010111101
001110100000000011
001110111111100101
001110110000000011
001111000011111001
001111000000000011
001111010110100001
001111010000000011
001111101001001001
001111100000000011
001111111100010001
001111110000000011
010000000111111101
010000000000000011
010000010010100101
010000010000000011
010000101101001101
010000100000000011
010000111000010101
010000110000000011
010001000100001001
010001000000000011
010001010001010001
010001010000000011
010001101110111001
010001100000000011
010001111011100001
010001110000000011
010010000000010101
010010000000000011
010010010101001101
010010010000000011
010010101010100101
010010100000000011
010010111111111101
010010110000000011
010011000011100001
010011000000000011
010011010110111001
010011010000000011
010011101001010001
010011100000000011
010011111100001001
010011110000000011
010100001000101101
010100000000000011
010100011101110101
010100010000000011
010100100010011101
010100100000000011
010100110111000101
010100110000000011
010101001011011001
010101000000000011
010101011110000001
010101010000000011
010101100001101001
010101100000000011
010101110100110001
010101110000000011
010110001111000101
010110000000000011
010110011010011101
010110010000000011
010110100101110101
010110100000000011
010110110000101101
010110110000000011
010111001100110001
010111000000000011
010111011001101001
010111010000000011
010111100110000001
010111100000000011
010111110011011001
010111110000000011
011000001111001001
011000000000000011
011000011010010001
011000010000000011
011000100101111001
011000100000000011
011000110000100001
011000110000000011
011001001100111101
011001000000000011
011001011001100101
011001010000000011
011001100110001101
011001100000000011
011001110011010101
011001110000000011
011010001000100001
011010000000000011
011010011101111001
011010010000000011
011010100010010001
011010100000000011
011010110111001001
011010110000000011
011011001011010101
011011000000000011
011011011110001101
011011010000000011
011011100001100101
011011100000000011
011011110100111101
011011110000000011
011100000000011001
011100000000000011
011100010101000001
011100010000000011
011100101010101001
011100100000000011
011100111111110001
011100110000000011
011101000011101101
011101000000000011
011101010110110101
011101010000000011
011101101001011101
011101100000000011
011101111100000101
011101110000000011
011110000111110001
011110000000000011
011110010010101001
011110010000000011
011110101101000001
011110100000000011
011110111000011001
011110110000000011
011111000100000101
011111000000000011
011111010001011101
011111010000000011
011111101110110101
011111100000000011
011111111011101101
011111110000000011
100000001111111001
100000000000000011
100000011010100001
100000010000000011
100000100101001001
100000100000000011
100000110000010001
100000110000000011
100001001100001101
100001000000000011
100001011001010101
100001010000000011
100001100110111101
100001100000000011
100001110011100101
100001110000000011
100010001000010001
100010000000000011
100010011101001001
100010010000000011
100010100010100001
100010100000000011
100010110111111001
100010110000000011
100011001011100101
100011000000000011
100011011110111101
100011010000000011
100011100001010101
100011100000000011
100011110100001101
100011110000000011
100100000000101001
100100000000000011
100100010101110001
100100010000000011
100100101010011001
100100100000000011
100100111111000001
100100110000000011
100101000011011101
100101000000000011
100101010110000101
100101010000000011
100101101001101101
100101100000000011
100101111100110101
100101110000000011
100110000111000001
100110000000000011
100110010010011001
100110010000000011
100110101101110001
100110100000000011
100110111000101001
100110110000000011
100111000100110101
100111000000000011
100111010001101101
100111010000000011
100111101110000101
100111100000000011
100111111011011101
100111110000000011
101000000111001101
101000000000000011
101000010010010101
101000010000000011
101000101101111101
101000100000000011
101000111000100101
101000110000000011
101001000100111001
101001000000000011
101001010001100001
101001010000000011
101001101110001001
101001100000000011
101001111011010001
101001110000000011
101010000000100101
101010000000000011
101010010101111101
101010010000000011
101010101010010101
101010100000000011
101010111111001101
101010110000000011
101011000011010001
101011000000000011
101011010110001001
101011010000000011
101011101001100001
101011100000000011
101011111100111001
101011110000000011
101100001000011101
101100000000000011
101100011101000101
101100010000000011
101100100010101101
101100100000000011
101100110111110101
101100110000000011
101101001011101001
101101000000000011
101101011110110001
101101010000000011
101101100001011001
101101100000000011
101101110100000001
101101110000000011
101110001111110101
101110000000000011
101110011010101101
101110010000000011
101110100101000101
101110100000000011
101110110000011101
101110110000000011
101111001100000001
101111000000000011
101111011001011001
101111010000000011
101111100110110001
101111100000000011
101111110011101001
101111110000000011
110000001000000101
110000000000000011
110000011101011101
110000010000000011
110000100010110101
110000100000000011
110000110111101101
110000110000000011
110001001011110001
110001000000000011
110001011110101001
110001010000000011
110001100001000001
110001100000000011
110001110100011001
110001110000000011
110010001111101101
110010000000000011
110010011010110101
110010010000000011
110010100101011101
110010100000000011
110010110000000101
110010110000000011
110011001100011001
110011000000000011
110011011001000001
110011010000000011
110011100110101001
110011100000000011
110011110011110001
110011110000000011
110100000111010101
110100000000000011
110100010010001101
110100010000000011
110100101101100101
110100100000000011
110100111000111101
110100110000000011
110101000100100001
110101000000000011
110101010001111001
110101010000000011
110101101110010001
110101100000000011
110101111011001001
110101110000000011
110110000000111101
110110000000000011
110110010101100101
110110010000000011
110110101010001101
110110100000000011
110110111111010101
110110110000000011
110111000011001001
110111000000000011
110111010110010001
110111010000000011
110111101001111001
110111100000000011
110111111100100001
110111110000000011
111000000000110001
111000000000000011
111000010101101001
111000010000000011
111000101010000001
111000100000000011
111000111111011001
111000110000000011
111001000011000101
111001000000000011
111001010110011101
111001010000000011
111001101001110101
111001100000000011
111001111100101101
111001110000000011
111010000111011001
111010000000000011
111010010010000001
111010010000000011
111010101101101001
111010100000000011
111010111000110001
111010110000000011
111011000100101101
111011000000000011
111011010001110101
111011010000000011
111011101110011101
111011100000000011
111011111011000101
111011110000000011
111100001111100001
111100000000000011
111100011010111001
111100010000000011
111100100101010001
111100100000000011
111100110000001001
111100110000000011
111101001100010101
111101000000000011
111101011001001101
111101010000000011
111101100110100101
111101100000000011
111101110011111101
111101110000000011
111110001000001001
111110000000000011
111110011101010001
111110010000000011
111110100010111001
111110100000000011
111110110111100001
111110110000000011
111111001011111101
111111000000000011
111111011110100101
111111010000000011
111111100001001101
111111100000000011
111111110100010101
111111110000000011
.e