.i 17
.o 1
.ilb a0 a1 a2 a3 a4 a5 a6 a7 b0 b1 b2 b3 b4 b5 b6 b7 f0
.ob F
000000000000000001
000000011111010101
000000101100011101
000000110011001001
000001001010001101
000001010101011001
000001100110010001
000001111001000101
000010000110101101
000010011001111001
000010101010110001
000010110101100101
000011001100100001
000011010011110101
000011100000111101
000011111111101001
000100001101011001
000100010010001101
000100100001000101
000100111110010001
000101000111010101
000101011000000001
000101101011001001
000101110100011101
000110001011110101
000110010100100001
000110100111101001
000110111000111101
000111000001111001
000111011110101101
000111101101100101
000111110010110001
001000001000000101
001000010111010001
001000100100011001
001000111011001101
001001000010001001
001001011101011101
001001101110010101
001001110001000001
001010001110101001
001010010001111101
001010100010110101
001010111101100001
001011000100100101
001011011011110001
001011101000111001
001011110111101101
001100000101011101
001100011010001001
001100101001000001
001100110110010101
001101001111010001
001101010000000101
001101100011001101
001101111100011001
001110000011110001
001110011100100101
001110101111101101
001110110000111001
001111001001111101
001111010110101001
001111100101100001
001111111010110101
010000000010111101
010000011101101001
010000101110100001
010000110001110101
010001001000110001
010001010111100101
010001100100101101
010001111011111001
010010000100010001
010010011011000101
010010101000001101
010010110111011001
010011001110011101
010011010001001001
010011100010000001
010011111101010101
010100001111100101
010100010000110001
010100100011111001
010100111100101101
010101000101101001
010101011010111101
010101101001110101
010101110110100001
010110001001001001
010110010110011101
010110100101010101
010110111010000001
010111000011000101
010111011100010001
010111101111011001
010111110000001101
011000001010111001
011000010101101101
011000100110100101
011000111001110001
011001000000110101
011001011111100001
011001101100101001
011001110011111101
011010001100010101
011010010011000001
011010100000001001
011010111111011101
011011000110011001
011011011001001101
011011101010000101
011011110101010001
011100000111100001
011100011000110101
011100101011111101
011100110100101001
011101001101101101
011101010010111001
011101100001110001
011101111110100101
011110000001001101
011110011110011001
011110101101010001
011110110010000101
011111001011000001
011111010100010101
011111100111011101
011111111000001001
100000000101111001
100000011010101101
100000101001100101
100000110110110001
100001001111110101
100001010000100001
100001100011101001
100001111100111101
100010000011010101
100010011100000001
100010101111001001
100010110000011101
100011001001011001
100011010110001101
100011100101000101
100011111010010001
100100001000100001
100100010111110101
100100100100111101
100100111011101001
100101000010101101
100101011101111001
100101101110110001
100101110001100101
100110001110001101
100110010001011001
100110100010010001
100110111101000101
100111000100000001
100111011011010101
100111101000011101
100111110111001001
101000001101111101
101000010010101001
101000100001100001
101000111110110101
101001000111110001
101001011000100101
101001101011101101
101001110100111001
101010001011010001
101010010100000101
101010100111001101
101010111000011001
101011000001011101
101011011110001001
101011101101000001
101011110010010101
101100000000100101
101100011111110001
101100101100111001
101100110011101101
101101001010101001
101101010101111101
101101100110110101
101101111001100001
101110000110001001
101110011001011101
101110101010010101
101110110101000001
101111001100000101
101111010011010001
101111100000011001
101111111111001101
110000000111000101
110000011000010001
110000101011011001
110000110100001101
110001001101001001
110001010010011101
110001100001010101
110001111110000001
110010000001101001
110010011110111101
110010101101110101
110010110010100001
110011001011100101
110011010100110001
110011100111111001
110011111000101101
110100001010011101
110100010101001001
110100100110000001
110100111001010101
110101000000010001
110101011111000101
110101101100001101
110101110011011001
110110001100110001
110110010011100101
110110100000101101
110110111111111001
110111000110111101
110111011001101001
110111101010100001
110111110101110101
111000001111000001
111000010000010101
111000100011011101
111000111100001001
111001000101001101
111001011010011001
111001101001010001
111001110110000101
111010001001101101
111010010110111001
111010100101110001
111010111010100101
111011000011100001
111011011100110101
111011101111111101
111011110000101001
111100000010011001
111100011101001101
111100101110000101
111100110001010001
111101001000010101
111101010111000001
111101100100001001
111101111011011101
111110000100110101
111110011011100001
111110101000101001
111110110111111101
111111001110111001
111111010001101101
111111100010100101
111111111101110001
000000000000000011
000000011111100011
000000101011110111
000000110100010111
000001000011011111
000001011100111111
000001101000101011
000001110111001011
000010000110111011
000010011001011011
000010101101001111
000010110010101111
000011000101100111
000011011010000111
000011101110010011
000011110001110011
000100001101110011
000100010010010011
000100100110000111
000100111001100111
000101001110101111
000101010001001111
000101100101011011
000101111010111011
000110001011001011
000110010100101011
000110100000111111
000110111111011111
000111001000010111
000111010111110111
000111100011100011
000111111100000011
001000001111010111
001000010000110111
001000100100100011
001000111011000011
001001001100001011
001001010011101011
001001100111111111
001001111000011111
001010001001101111
001010010110001111
001010100010011011
001010111101111011
001011001010110011
001011010101010011
001011100001000111
001011111110100111
001100000010100111
001100011101000111
001100101001010011
001100110110110011
001101000001111011
001101011110011011
001101101010001111
001101110101101111
001110000100011111
001110011011111111
001110101111101011
001110110000001011
001111000111000011
001111011000100011
001111101100110111
001111110011010111
010000001010011111
010000010101111111
010000100001101011
010000111110001011
010001001001000011
010001010110100011
010001100010110111
010001111101010111
010010001100100111
010010010011000111
010010100111010011
010010111000110011
010011001111111011
010011010000011011
010011100100001111
010011111011101111
010100000111101111
010100011000001111
010100101100011011
010100110011111011
010101000100110011
010101011011010011
010101101111000111
010101110000100111
010110000001010111
010110011110110111
010110101010100011
010110110101000011
010111000010001011
010111011101101011
010111101001111111
010111110110011111
011000000101001011
011000011010101011
011000101110111111
011000110001011111
011001000110010111
011001011001110111
011001101101100011
011001110010000011
011010000011110011
011010011100010011
011010101000000111
011010110111100111
011011000000101111
011011011111001111
011011101011011011
011011110100111011
011100001000111011
011100010111011011
011100100011001111
011100111100101111
011101001011100111
011101010100000111
011101100000010011
011101111111110011
011110001110000011
011110010001100011
011110100101110111
011110111010010111
011111001101011111
011111010010111111
011111100110101011
011111111001001011
100000000000001111
100000011111101111
100000101011111011
100000110100011011
100001000011010011
100001011100110011
100001101000100111
100001110111000111
100010000110110111
100010011001010111
100010101101000011
100010110010100011
100011000101101011
100011011010001011
100011101110011111
100011110001111111
100100001101111111
100100010010011111
100100100110001011
100100111001101011
100101001110100011
100101010001000011
100101100101010111
100101111010110111
100110001011000111
100110010100100111
100110100000110011
100110111111010011
100111001000011011
100111010111111011
100111100011101111
100111111100001111
101000001111011011
101000010000111011
101000100100101111
101000111011001111
101001001100000111
101001010011100111
101001100111110011
101001111000010011
101010001001100011
101010010110000011
101010100010010111
101010111101110111
101011001010111111
101011010101011111
101011100001001011
101011111110101011
101100000010101011
101100011101001011
101100101001011111
101100110110111111
101101000001110111
101101011110010111
101101101010000011
101101110101100011
101110000100010011
101110011011110011
101110101111100111
101110110000000111
101111000111001111
101111011000101111
101111101100111011
101111110011011011
110000001010010011
110000010101110011
110000100001100111
110000111110000111
110001001001001111
110001010110101111
110001100010111011
110001111101011011
110010001100101011
110010010011001011
110010100111011111
110010111000111111
110011001111110111
110011010000010111
110011100100000011
110011111011100011
110100000111100011
110100011000000011
110100101100010111
110100110011110111
110101000100111111
110101011011011111
110101101111001011
110101110000101011
110110000001011011
110110011110111011
110110101010101111
110110110101001111
110111000010000111
110111011101100111
110111101001110011
110111110110010011
111000000101000111
111000011010100111
111000101110110011
111000110001010011
111001000110011011
111001011001111011
111001101101101111
111001110010001111
111010000011111111
111010011100011111
111010101000001011
111010110111101011
111011000000100011
111011011111000011
111011101011010111
111011110100110111
111100001000110111
111100010111010111
111100100011000011
111100111100100011
111101001011101011
111101010100001011
111101100000011111
111101111111111111
111110001110001111
111110010001101111
111110100101111011
111110111010011011
111111001101010011
111111010010110011
111111100110100111
111111111001000111
.e