.i 17
.o 1
.ilb a0 a1 a2 a3 a4 a5 a6 a7 b0 b1 b2 b3 b4 b5 b6 b7 f0
.ob F
000000000000000001
000000011111110001
000000101101010101
000000110010100101
000001001000011101
000001010111101101
000001100101001001
000001111010111001
000010000010001101
000010011101111101
000010101111011001
000010110000101001
000011001010010001
000011010101100001
000011100111000101
000011111000110101
000100000100011001
000100011011101001
000100101001001101
000100110110111101
000101001100000101
000101010011110101
000101100001010001
000101111110100001
000110000110010101
000110011001100101
000110101011000001
000110110100110001
000111001110001001
000111010001111001
000111100011011101
000111111100101101
001000001000110001
001000010111000001
001000100101100101
001000111010010101
001001000000101101
001001011111011101
001001101101111001
001001110010001001
001010001010111101
001010010101001101
001010100111101001
001010111000011001
001011000010100001
001011011101010001
001011101111110101
001011110000000101
001100001100101001
001100010011011001
001100100001111101
001100111110001101
001101000100110101
001101011011000101
001101101001100001
001101110110010001
001110001110100101
001110010001010101
001110100011110001
001110111100000001
001111000110111001
001111011001001001
001111101011101101
001111110100011101
010000000011010101
010000011100100101
010000101110000001
010000110001110001
010001001011001001
010001010100111001
010001100110011101
010001111001101101
010010000001011001
010010011110101001
010010101100001101
010010110011111101
010011001001000101
010011010110110101
010011100100010001
010011111011100001
010100000111001101
010100011000111101
010100101010011001
010100110101101001
010101001111010001
010101010000100001
010101100010000101
010101111101110101
010110000101000001
010110011010110001
010110101000010101
010110110111100101
010111001101011101
010111010010101101
010111100000001001
010111111111111001
011000001011100101
011000010100010101
011000100110110001
011000111001000001
011001000011111001
011001011100001001
011001101110101101
011001110001011101
011010001001101001
011010010110011001
011010100100111101
011010111011001101
011011000001110101
011011011110000101
011011101100100001
011011110011010001
011100001111111101
011100010000001101
011100100010101001
011100111101011001
011101000111100001
011101011000010001
011101101010110101
011101110101000101
011110001101110001
011110010010000001
011110100000100101
011110111111010101
011111000101101101
011111011010011101
011111101000111001
011111110111001001
100000000110101001
100000011001011001
100000101011111101
100000110100001101
100001001110110101
100001010001000101
100001100011100001
100001111100010001
100010000100100101
100010011011010101
100010101001110001
100010110110000001
100011001100111001
100011010011001001
100011100001101101
100011111110011101
100100000010110001
100100011101000001
100100101111100101
100100110000010101
100101001010101101
100101010101011101
100101100111111001
100101111000001001
100110000000111101
100110011111001101
100110101101101001
100110110010011001
100111001000100001
100111010111010001
100111100101110101
100111111010000101
101000001110011001
101000010001101001
101000100011001101
101000111100111101
101001000110000101
101001011001110101
101001101011010001
101001110100100001
101010001100010101
101010010011100101
101010100001000001
101010111110110001
101011000100001001
101011011011111001
101011101001011101
101011110110101101
101100001010000001
101100010101110001
101100100111010101
101100111000100101
101101000010011101
101101011101101101
101101101111001001
101101110000111001
101110001000001101
101110010111111101
101110100101011001
101110111010101001
101111000000010001
101111011111100001
101111101101000101
101111110010110101
110000000101111101
110000011010001101
110000101000101001
110000110111011001
110001001101100001
110001010010010001
110001100000110101
110001111111000101
110010000111110001
110010011000000001
110010101010100101
110010110101010101
110011001111101101
110011010000011101
110011100010111001
110011111101001001
110100000001100101
110100011110010101
110100101100110001
110100110011000001
110101001001111001
110101010110001001
110101100100101101
110101111011011101
110110000011101001
110110011100011001
110110101110111101
110110110001001101
110111001011110101
110111010100000101
110111100110100001
110111111001010001
111000001101001101
111000010010111101
111000100000011001
111000111111101001
111001000101010001
111001011010100001
111001101000000101
111001110111110101
111010001111000001
111010010000110001
111010100010010101
111010111101100101
111011000111011101
111011011000101101
111011101010001001
111011110101111001
111100001001010101
111100010110100101
111100100100000001
111100111011110001
111101000001001001
111101011110111001
111101101100011101
111101110011101101
111110001011011001
111110010100101001
111110100110001101
111110111001111101
111111000011000101
111111011100110101
111111101110010001
111111110001100001
000000000000000011
000000010111111111
000000101111111011
000000111000000111
000001001011000111
000001011100111011
000001100100111111
000001110011000011
000010000010111111
000010010101000011
000010101101000111
000010111010111011
000011001001111011
000011011110000111
000011100110000011
000011110001111111
000100000101111011
000100010010000111
000100101010000011
000100111101111111
000101001110111111
000101011001000011
000101100001000111
000101110110111011
000110000111000111
000110010000111011
000110101000111111
000110111111000011
000111001100000011
000111011011111111
000111100011111011
000111110100000111
001000001011110011
001000011100001111
001000100100001011
001000110011110111
001001000000110111
001001010111001011
001001101111001111
001001111000110011
001010001001001111
001010011110110011
001010100110110111
001010110001001011
001011000010001011
001011010101110111
001011101101110011
001011111010001111
001100001110001011
001100011001110111
001100100001110011
001100110110001111
001101000101001111
001101010010110011
001101101010110111
001101111101001011
001110001100110111
001110011011001011
001110100011001111
001110110100110011
001111000111110011
001111010000001111
001111101000001011
001111111111110111
010000000011010111
010000010100101011
010000101100101111
010000111011010011
010001001000010011
010001011111101111
010001100111101011
010001110000010111
010010000001101011
010010010110010111
010010101110010011
010010111001101111
010011001010101111
010011011101010011
010011100101010111
010011110010101011
010100000110101111
010100010001010011
010100101001010111
010100111110101011
010101001101101011
010101011010010111
010101100010010011
010101110101101111
010110000100010011
010110010011101111
010110101011101011
010110111100010111
010111001111010111
010111011000101011
010111100000101111
010111110111010011
011000001000100111
011000011111011011
011000100111011111
011000110000100011
011001000011100011
011001010100011111
011001101100011011
011001111011100111
011010001010011011
011010011101100111
011010100101100011
011010110010011111
011011000001011111
011011010110100011
011011101110100111
011011111001011011
011100001101011111
011100011010100011
011100100010100111
011100110101011011
011101000110011011
011101010001100111
011101101001100011
011101111110011111
011110001111100011
011110011000011111
011110100000011011
011110110111100111
011111000100100111
011111010011011011
011111101011011111
011111111100100011
100000000110101011
100000010001010111
100000101001010011
100000111110101111
100001001101101111
100001011010010011
100001100010010111
100001110101101011
100010000100010111
100010010011101011
100010101011101111
100010111100010011
100011001111010011
100011011000101111
100011100000101011
100011110111010111
100100000011010011
100100010100101111
100100101100101011
100100111011010111
100101001000010111
100101011111101011
100101100111101111
100101110000010011
100110000001101111
100110010110010011
100110101110010111
100110111001101011
100111001010101011
100111011101010111
100111100101010011
100111110010101111
101000001101011011
101000011010100111
101000100010100011
101000110101011111
101001000110011111
101001010001100011
101001101001100111
101001111110011011
101010001111100111
101010011000011011
101010100000011111
101010110111100011
101011000100100011
101011010011011111
101011101011011011
101011111100100111
101100001000100011
101100011111011111
101100100111011011
101100110000100111
101101000011100111
101101010100011011
101101101100011111
101101111011100011
101110001010011111
101110011101100011
101110100101100111
101110110010011011
101111000001011011
101111010110100111
101111101110100011
101111111001011111
110000000101111111
110000010010000011
110000101010000111
110000111101111011
110001001110111011
110001011001000111
110001100001000011
110001110110111111
110010000111000011
110010010000111111
110010101000111011
110010111111000111
110011001100000111
110011011011111011
110011100011111111
110011110100000011
110100000000000111
110100010111111011
110100101111111111
110100111000000011
110101001011000011
110101011100111111
110101100100111011
110101110011000111
110110000010111011
110110010101000111
110110101101000011
110110111010111111
110111001001111111
110111011110000011
110111100110000111
110111110001111011
111000001110001111
111000011001110011
111000100001110111
111000110110001011
111001000101001011
111001010010110111
111001101010110011
111001111101001111
111010001100110011
111010011011001111
111010100011001011
111010110100110111
111011000111110111
111011010000001011
111011101000001111
111011111111110011
111100001011110111
111100011100001011
111100100100001111
111100110011110011
111101000000110011
111101010111001111
111101101111001011
111101111000110111
111110001001001011
111110011110110111
111110100110110011
111110110001001111
111111000010001111
111111010101110011
111111101101110111
111111111010001011
.e