.i 17
.o 1
.ilb a0 a1 a2 a3 a4 a5 a6 a7 a8 b0 b1 b2 b3 b4 b5 b6 b7
.ob F
100000000000000001
100000001111101011
100000010110001111
100000011001100101
100000100101000111
100000101010101101
100000110011001001
100000111100100011
100001000011010111
100001001100111101
100001010101011001
100001011010110011
100001100110010001
100001101001111011
100001110000011111
100001111111110101
100010000110101101
100010001001000111
100010010000100011
100010011111001001
100010100011101011
100010101100000001
100010110101100101
100010111010001111
100011000101111011
100011001010010001
100011010011110101
100011011100011111
100011100000111101
100011101111010111
100011110110110011
100011111001011001
100100000100000011
100100001011101001
100100010010001101
100100011101100111
100100100001000101
100100101110101111
100100110111001011
100100111000100001
100101000111010101
100101001000111111
100101010001011011
100101011110110001
100101100010010011
100101101101111001
100101110100011101
100101111011110111
100110000010101111
100110001101000101
100110010100100001
100110011011001011
100110100111101001
100110101000000011
100110110001100111
100110111110001101
100111000001111001
100111001110010011
100111010111110111
100111011000011101
100111100100111111
100111101011010101
100111110010110001
100111111101011011
101000000001011111
101000001110110101
101000010111010001
101000011000111011
101000100100011001
101000101011110011
101000110010010111
101000111101111101
101001000010001001
101001001101100011
101001010100000111
101001011011101101
101001100111001111
101001101000100101
101001110001000001
101001111110101011
101010000111110011
101010001000011001
101010010001111101
101010011110010111
101010100010110101
101010101101011111
101010110100111011
101010111011010001
101011000100100101
101011001011001111
101011010010101011
101011011101000001
101011100001100011
101011101110001001
101011110111101101
101011111000000111
101100000101011101
101100001010110111
101100010011010011
101100011100111001
101100100000011011
101100101111110001
101100110110010101
101100111001111111
101101000110001011
101101001001100001
101101010000000101
101101011111101111
101101100011001101
101101101100100111
101101110101000011
101101111010101001
101110000011110001
101110001100011011
101110010101111111
101110011010010101
101110100110110111
101110101001011101
101110110000111001
101110111111010011
101111000000100111
101111001111001101
101111010110101001
101111011001000011
101111100101100001
101111101010001011
101111110011101111
101111111100000101
110000000010111101
110000001101010111
110000010100110011
110000011011011001
110000100111111011
110000101000010001
110000110001110101
110000111110011111
110001000001101011
110001001110000001
110001010111100101
110001011000001111
110001100100101101
110001101011000111
110001110010100011
110001111101001001
110010000100010001
110010001011111011
110010010010011111
110010011101110101
110010100001010111
110010101110111101
110010110111011001
110010111000110011
110011000111000111
110011001000101101
110011010001001001
110011011110100011
110011100010000001
110011101101101011
110011110100001111
110011111011100101
110100000110111111
110100001001010101
110100010000110001
110100011111011011
110100100011111001
110100101100010011
110100110101110111
110100111010011101
110101000101101001
110101001010000011
110101010011100111
110101011100001101
110101100000101111
110101101111000101
110101110110100001
110101111001001011
110110000000010011
110110001111111001
110110010110011101
110110011001110111
110110100101010101
110110101010111111
110110110011011011
110110111100110001
110111000011000101
110111001100101111
110111010101001011
110111011010100001
110111100110000011
110111101001101001
110111110000001101
110111111111100111
111000000011100011
111000001100001001
111000010101101101
111000011010000111
111000100110100101
111000101001001111
111000110000101011
111000111111000001
111001000000110101
111001001111011111
111001010110111011
111001011001010001
111001100101110011
111001101010011001
111001110011111101
111001111100010111
111010000101001111
111010001010100101
111010010011000001
111010011100101011
111010100000001001
111010101111100011
111010110110000111
111010111001101101
111011000110011001
111011001001110011
111011010000010111
111011011111111101
111011100011011111
111011101100110101
111011110101010001
111011111010111011
111100000111100001
111100001000001011
111100010001101111
111100011110000101
111100100010100111
111100101101001101
111100110100101001
111100111011000011
111101000100110111
111101001011011101
111101010010111001
111101011101010011
111101100001110001
111101101110011011
111101110111111111
111101111000010101
111110000001001101
111110001110100111
111110010111000011
111110011000101001
111110100100001011
111110101011100001
111110110010000101
111110111101101111
111111000010011011
111111001101110001
111111010100010101
111111011011111111
111111100111011101
111111101000110111
111111110001010011
111111111110111001
000000000000000001
000000001111110001
000000010101111011
000000011010001011
000000100001101111
000000101110011111
000000110100010101
000000111011100101
000001000011011101
000001001100101101
000001010110100111
000001011001010111
000001100010110011
000001101101000011
000001110111001001
000001111000111001
000010000110111001
000010001001001001
000010010011000011
000010011100110011
000010100111010111
000010101000100111
000010110010101101
000010111101011101
000011000101100101
000011001010010101
000011010000011111
000011011111101111
000011100100001011
000011101011111011
000011110001110001
000011111110000001
000100000111101011
000100001000011011
000100010010010001
000100011101100001
000100100110000101
000100101001110101
000100110011111111
000100111100001111
000101000100110111
000101001011000111
000101010001001101
000101011110111101
000101100101011001
000101101010101001
000101110000100011
000101111111010011
000110000001010011
000110001110100011
000110010100101001
000110011011011001
000110100000111101
000110101111001101
000110110101000111
000110111010110111
000111000010001111
000111001101111111
000111010111110101
000111011000000101
000111100011100001
000111101100010001
000111110110011011
000111111001101011
001000000101001111
001000001010111111
001000010000110101
001000011111000101
001000100100100001
001000101011010001
001000110001011011
001000111110101011
001001000110010011
001001001001100011
001001010011101001
001001011100011001
001001100111111101
001001101000001101
001001110010000111
001001111101110111
001010000011110111
001010001100000111
001010010110001101
001010011001111101
001010100010011001
001010101101101001
001010110111100011
001010111000010011
001011000000101011
001011001111011011
001011010101010001
001011011010100001
001011100001000101
001011101110110101
001011110100111111
001011111011001111
001100000010100101
001100001101010101
001100010111011111
001100011000101111
001100100011001011
001100101100111011
001100110110110001
001100111001000001
001101000001111001
001101001110001001
001101010100000011
001101011011110011
001101100000010111
001101101111100111
001101110101101101
001101111010011101
001110000100011101
001110001011101101
001110010001100111
001110011110010111
001110100101110011
001110101010000011
001110110000001001
001110111111111001
001111000111000001
001111001000110001
001111010010111011
001111011101001011
001111100110101111
001111101001011111
001111110011010101
001111111100100101
010000000000000111
010000001111110111
010000010101111101
010000011010001101
010000100001101001
010000101110011001
010000110100010011
010000111011100011
010001000011011011
010001001100101011
010001010110100001
010001011001010001
010001100010110101
010001101101000101
010001110111001111
010001111000111111
010010000110111111
010010001001001111
010010010011000101
010010011100110101
010010100111010001
010010101000100001
010010110010101011
010010111101011011
010011000101100011
010011001010010011
010011010000011001
010011011111101001
010011100100001101
010011101011111101
010011110001110111
010011111110000111
010100000111101101
010100001000011101
010100010010010111
010100011101100111
010100100110000011
010100101001110011
010100110011111001
010100111100001001
010101000100110001
010101001011000001
010101010001001011
010101011110111011
010101100101011111
010101101010101111
010101110000100101
010101111111010101
010110000001010101
010110001110100101
010110010100101111
010110011011011111
010110100000111011
010110101111001011
010110110101000001
010110111010110001
010111000010001001
010111001101111001
010111010111110011
010111011000000011
010111100011100111
010111101100010111
010111110110011101
010111111001101101
011000000101001001
011000001010111001
011000010000110011
011000011111000011
011000100100100111
011000101011010111
011000110001011101
011000111110101101
011001000110010101
011001001001100101
011001010011101111
011001011100011111
011001100111111011
011001101000001011
011001110010000001
011001111101110001
011010000011110001
011010001100000001
011010010110001011
011010011001111011
011010100010011111
011010101101101111
011010110111100101
011010111000010101
011011000000101101
011011001111011101
011011010101010111
011011011010100111
011011100001000011
011011101110110011
011011110100111001
011011111011001001
011100000010100011
011100001101010011
011100010111011001
011100011000101001
011100100011001101
011100101100111101
011100110110110111
011100111001000111
011101000001111111
011101001110001111
011101010100000101
011101011011110101
011101100000010001
011101101111100001
011101110101101011
011101111010011011
011110000100011011
011110001011101011
011110010001100001
011110011110010001
011110100101110101
011110101010000101
011110110000001111
011110111111111111
011111000111000111
011111001000110111
011111010010111101
011111011101001101
011111100110101001
011111101001011001
011111110011010011
011111111100100011
.e