.i 16
.o 1
.ilb a0 a1 a2 a3 a4 a5 a6 a7 b0 b1 b2 b3 b4 b5 b6 b7
.ob F
00000000000000001
00000001000000111
00000010000001101
00000011000001011
00000100000011001
00000101000011111
00000110000010101
00000111000010011
00001000000110001
00001001000110111
00001010000111101
00001011000111011
00001100000101001
00001101000101111
00001110000100101
00001111000100011
00010000001100001
00010001001100111
00010010001101101
00010011001101011
00010100001111001
00010101001111111
00010110001110101
00010111001110011
00011000001010001
00011001001010111
00011010001011101
00011011001011011
00011100001001001
00011101001001111
00011110001000101
00011111001000011
00100000011000001
00100001011000111
00100010011001101
00100011011001011
00100100011011001
00100101011011111
00100110011010101
00100111011010011
00101000011110001
00101001011110111
00101010011111101
00101011011111011
00101100011101001
00101101011101111
00101110011100101
00101111011100011
00110000010100001
00110001010100111
00110010010101101
00110011010101011
00110100010111001
00110101010111111
00110110010110101
00110111010110011
00111000010010001
00111001010010111
00111010010011101
00111011010011011
00111100010001001
00111101010001111
00111110010000101
00111111010000011
01000000110000001
01000001110000111
01000010110001101
01000011110001011
01000100110011001
01000101110011111
01000110110010101
01000111110010011
01001000110110001
01001001110110111
01001010110111101
01001011110111011
01001100110101001
01001101110101111
01001110110100101
01001111110100011
01010000111100001
01010001111100111
01010010111101101
01010011111101011
01010100111111001
01010101111111111
01010110111110101
01010111111110011
01011000111010001
01011001111010111
01011010111011101
01011011111011011
01011100111001001
01011101111001111
01011110111000101
01011111111000011
01100000101000001
01100001101000111
01100010101001101
01100011101001011
01100100101011001
01100101101011111
01100110101010101
01100111101010011
01101000101110001
01101001101110111
01101010101111101
01101011101111011
01101100101101001
01101101101101111
01101110101100101
01101111101100011
01110000100100001
01110001100100111
01110010100101101
01110011100101011
01110100100111001
01110101100111111
01110110100110101
01110111100110011
01111000100010001
01111001100010111
01111010100011101
01111011100011011
01111100100001001
01111101100001111
01111110100000101
01111111100000011
10000000100110111
10000001100110001
10000010100111011
10000011100111101
10000100100101111
10000101100101001
10000110100100011
10000111100100101
10001000100000111
10001001100000001
10001010100001011
10001011100001101
10001100100011111
10001101100011001
10001110100010011
10001111100010101
10010000101010111
10010001101010001
10010010101011011
10010011101011101
10010100101001111
10010101101001001
10010110101000011
10010111101000101
10011000101100111
10011001101100001
10011010101101011
10011011101101101
10011100101111111
10011101101111001
10011110101110011
10011111101110101
10100000111110111
10100001111110001
10100010111111011
10100011111111101
10100100111101111
10100101111101001
10100110111100011
10100111111100101
10101000111000111
10101001111000001
10101010111001011
10101011111001101
10101100111011111
10101101111011001
10101110111010011
10101111111010101
10110000110010111
10110001110010001
10110010110011011
10110011110011101
10110100110001111
10110101110001001
10110110110000011
10110111110000101
10111000110100111
10111001110100001
10111010110101011
10111011110101101
10111100110111111
10111101110111001
10111110110110011
10111111110110101
11000000010110111
11000001010110001
11000010010111011
11000011010111101
11000100010101111
11000101010101001
11000110010100011
11000111010100101
11001000010000111
11001001010000001
11001010010001011
11001011010001101
11001100010011111
11001101010011001
11001110010010011
11001111010010101
11010000011010111
11010001011010001
11010010011011011
11010011011011101
11010100011001111
11010101011001001
11010110011000011
11010111011000101
11011000011100111
11011001011100001
11011010011101011
11011011011101101
11011100011111111
11011101011111001
11011110011110011
11011111011110101
11100000001110111
11100001001110001
11100010001111011
11100011001111101
11100100001101111
11100101001101001
11100110001100011
11100111001100101
11101000001000111
11101001001000001
11101010001001011
11101011001001101
11101100001011111
11101101001011001
11101110001010011
11101111001010101
11110000000010111
11110001000010001
11110010000011011
11110011000011101
11110100000001111
11110101000001001
11110110000000011
11110111000000101
11111000000100111
11111001000100001
11111010000101011
11111011000101101
11111100000111111
11111101000111001
11111110000110011
11111111000110101
.e