.i 12
.o 1
.ilb a0 a1 a2 a3 a4 a5 a6 a7 b0 b1 b2 b3
.ob F
0000000000001
0000000111101
0000001011011
0000001100111
0000010010111
0000010101011
0000011001101
0000011110001
0000100001111
0000100110011
0000101010101
0000101101001
0000110011001
0000110100101
0000111000011
0000111111111
0001000000111
0001000111011
0001001011101
0001001100001
0001010010001
0001010101101
0001011001011
0001011110111
0001100001001
0001100110101
0001101010011
0001101101111
0001110011111
0001110100011
0001111000101
0001111111001
0010000001101
0010000110001
0010001010111
0010001101011
0010010011011
0010010100111
0010011000001
0010011111101
0010100000011
0010100111111
0010101011001
0010101100101
0010110010101
0010110101001
0010111001111
0010111110011
0011000001011
0011000110111
0011001010001
0011001101101
0011010011101
0011010100001
0011011000111
0011011111011
0011100000101
0011100111001
0011101011111
0011101100011
0011110010011
0011110101111
0011111001001
0011111110101
0100000011001
0100000100101
0100001000011
0100001111111
0100010001111
0100010110011
0100011010101
0100011101001
0100100010111
0100100101011
0100101001101
0100101110001
0100110000001
0100110111101
0100111011011
0100111100111
0101000011111
0101000100011
0101001000101
0101001111001
0101010001001
0101010110101
0101011010011
0101011101111
0101100010001
0101100101101
0101101001011
0101101110111
0101110000111
0101110111011
0101111011101
0101111100001
0110000010101
0110000101001
0110001001111
0110001110011
0110010000011
0110010111111
0110011011001
0110011100101
0110100011011
0110100100111
0110101000001
0110101111101
0110110001101
0110110110001
0110111010111
0110111101011
0111000010011
0111000101111
0111001001001
0111001110101
0111010000101
0111010111001
0111011011111
0111011100011
0111100011101
0111100100001
0111101000111
0111101111011
0111110001011
0111110110111
0111111010001
0111111101101
1000000010011
1000000101111
1000001001001
1000001110101
1000010000101
1000010111001
1000011011111
1000011100011
1000100011101
1000100100001
1000101000111
1000101111011
1000110001011
1000110110111
1000111010001
1000111101101
1001000010101
1001000101001
1001001001111
1001001110011
1001010000011
1001010111111
1001011011001
1001011100101
1001100011011
1001100100111
1001101000001
1001101111101
1001110001101
1001110110001
1001111010111
1001111101011
1010000011111
1010000100011
1010001000101
1010001111001
1010010001001
1010010110101
1010011010011
1010011101111
1010100010001
1010100101101
1010101001011
1010101110111
1010110000111
1010110111011
1010111011101
1010111100001
1011000011001
1011000100101
1011001000011
1011001111111
1011010001111
1011010110011
1011011010101
1011011101001
1011100010111
1011100101011
1011101001101
1011101110001
1011110000001
1011110111101
1011111011011
1011111100111
1100000001011
1100000110111
1100001010001
1100001101101
1100010011101
1100010100001
1100011000111
1100011111011
1100100000101
1100100111001
1100101011111
1100101100011
1100110010011
1100110101111
1100111001001
1100111110101
1101000001101
1101000110001
1101001010111
1101001101011
1101010011011
1101010100111
1101011000001
1101011111101
1101100000011
1101100111111
1101101011001
1101101100101
1101110010101
1101110101001
1101111001111
1101111110011
1110000000111
1110000111011
1110001011101
1110001100001
1110010010001
1110010101101
1110011001011
1110011110111
1110100001001
1110100110101
1110101010011
1110101101111
1110110011111
1110110100011
1110111000101
1110111111001
1111000000001
1111000111101
1111001011011
1111001100111
1111010010111
1111010101011
1111011001101
1111011110001
1111100001111
1111100110011
1111101010101
1111101101001
1111110011001
1111110100101
1111111000011
1111111111111
.e