.i 16
.o 1
.ilb a0 a1 a2 a3 a4 a5 a6 a7 a8 a9 a10 a11 b0 b1 b2 b3
.ob F
00000000000000001
00000000000100111
00000000001001101
00000000001101011
00000000010011001
00000000010111111
00000000011010101
00000000011110011
00000000100010011
00000000100110101
00000000101011111
00000000101111001
00000000110001011
00000000110101101
00000000111000111
00000000111100001
00000001000011101
00000001000111011
00000001001010001
00000001001110111
00000001010000101
00000001010100011
00000001011001001
00000001011101111
00000001100001111
00000001100101001
00000001101000011
00000001101100101
00000001110010111
00000001110110001
00000001111011011
00000001111111101
00000010000011011
00000010000111101
00000010001010111
00000010001110001
00000010010000011
00000010010100101
00000010011001111
00000010011101001
00000010100001001
00000010100101111
00000010101000101
00000010101100011
00000010110010001
00000010110110111
00000010111011101
00000010111111011
00000011000000111
00000011000100001
00000011001001011
00000011001101101
00000011010011111
00000011010111001
00000011011010011
00000011011110101
00000011100010101
00000011100110011
00000011101011001
00000011101111111
00000011110001101
00000011110101011
00000011111000001
00000011111100111
00000100000010111
00000100000110001
00000100001011011
00000100001111101
00000100010001111
00000100010101001
00000100011000011
00000100011100101
00000100100000101
00000100100100011
00000100101001001
00000100101101111
00000100110011101
00000100110111011
00000100111010001
00000100111110111
00000101000001011
00000101000101101
00000101001000111
00000101001100001
00000101010010011
00000101010110101
00000101011011111
00000101011111001
00000101100011001
00000101100111111
00000101101010101
00000101101110011
00000101110000001
00000101110100111
00000101111001101
00000101111101011
00000110000001101
00000110000101011
00000110001000001
00000110001100111
00000110010010101
00000110010110011
00000110011011001
00000110011111111
00000110100011111
00000110100111001
00000110101010011
00000110101110101
00000110110000111
00000110110100001
00000110111001011
00000110111101101
00000111000010001
00000111000110111
00000111001011101
00000111001111011
00000111010001001
00000111010101111
00000111011000101
00000111011100011
00000111100000011
00000111100100101
00000111101001111
00000111101101001
00000111110011011
00000111110111101
00000111111010111
00000111111110001
00001000000001111
00001000000101001
00001000001000011
00001000001100101
00001000010010111
00001000010110001
00001000011011011
00001000011111101
00001000100011101
00001000100111011
00001000101010001
00001000101110111
00001000110000101
00001000110100011
00001000111001001
00001000111101111
00001001000010011
00001001000110101
00001001001011111
00001001001111001
00001001010001011
00001001010101101
00001001011000111
00001001011100001
00001001100000001
00001001100100111
00001001101001101
00001001101101011
00001001110011001
00001001110111111
00001001111010101
00001001111110011
00001010000010101
00001010000110011
00001010001011001
00001010001111111
00001010010001101
00001010010101011
00001010011000001
00001010011100111
00001010100000111
00001010100100001
00001010101001011
00001010101101101
00001010110011111
00001010110111001
00001010111010011
00001010111110101
00001011000001001
00001011000101111
00001011001000101
00001011001100011
00001011010010001
00001011010110111
00001011011011101
00001011011111011
00001011100011011
00001011100111101
00001011101010111
00001011101110001
00001011110000011
00001011110100101
00001011111001111
00001011111101001
00001100000011001
00001100000111111
00001100001010101
00001100001110011
00001100010000001
00001100010100111
00001100011001101
00001100011101011
00001100100001011
00001100100101101
00001100101000111
00001100101100001
00001100110010011
00001100110110101
00001100111011111
00001100111111001
00001101000000101
00001101000100011
00001101001001001
00001101001101111
00001101010011101
00001101010111011
00001101011010001
00001101011110111
00001101100010111
00001101100110001
00001101101011011
00001101101111101
00001101110001111
00001101110101001
00001101111000011
00001101111100101
00001110000000011
00001110000100101
00001110001001111
00001110001101001
00001110010011011
00001110010111101
00001110011010111
00001110011110001
00001110100010001
00001110100110111
00001110101011101
00001110101111011
00001110110001001
00001110110101111
00001110111000101
00001110111100011
00001111000011111
00001111000111001
00001111001010011
00001111001110101
00001111010000111
00001111010100001
00001111011001011
00001111011101101
00001111100001101
00001111100101011
00001111101000001
00001111101100111
00001111110010101
00001111110110011
00001111111011001
00001111111111111
00010000000000111
00010000000100001
00010000001001011
00010000001101101
00010000010011111
00010000010111001
00010000011010011
00010000011110101
00010000100010101
00010000100110011
00010000101011001
00010000101111111
00010000110001101
00010000110101011
00010000111000001
00010000111100111
00010001000011011
00010001000111101
00010001001010111
00010001001110001
00010001010000011
00010001010100101
00010001011001111
00010001011101001
00010001100001001
00010001100101111
00010001101000101
00010001101100011
00010001110010001
00010001110110111
00010001111011101
00010001111111011
00010010000011101
00010010000111011
00010010001010001
00010010001110111
00010010010000101
00010010010100011
00010010011001001
00010010011101111
00010010100001111
00010010100101001
00010010101000011
00010010101100101
00010010110010111
00010010110110001
00010010111011011
00010010111111101
00010011000000001
00010011000100111
00010011001001101
00010011001101011
00010011010011001
00010011010111111
00010011011010101
00010011011110011
00010011100010011
00010011100110101
00010011101011111
00010011101111001
00010011110001011
00010011110101101
00010011111000111
00010011111100001
00010100000010001
00010100000110111
00010100001011101
00010100001111011
00010100010001001
00010100010101111
00010100011000101
00010100011100011
00010100100000011
00010100100100101
00010100101001111
00010100101101001
00010100110011011
00010100110111101
00010100111010111
00010100111110001
00010101000001101
00010101000101011
00010101001000001
00010101001100111
00010101010010101
00010101010110011
00010101011011001
00010101011111111
00010101100011111
00010101100111001
00010101101010011
00010101101110101
00010101110000111
00010101110100001
00010101111001011
00010101111101101
00010110000001011
00010110000101101
00010110001000111
00010110001100001
00010110010010011
00010110010110101
00010110011011111
00010110011111001
00010110100011001
00010110100111111
00010110101010101
00010110101110011
00010110110000001
00010110110100111
00010110111001101
00010110111101011
00010111000010111
00010111000110001
00010111001011011
00010111001111101
00010111010001111
00010111010101001
00010111011000011
00010111011100101
00010111100000101
00010111100100011
00010111101001001
00010111101101111
00010111110011101
00010111110111011
00010111111010001
00010111111110111
00011000000001001
00011000000101111
00011000001000101
00011000001100011
00011000010010001
00011000010110111
00011000011011101
00011000011111011
00011000100011011
00011000100111101
00011000101010111
00011000101110001
00011000110000011
00011000110100101
00011000111001111
00011000111101001
00011001000010101
00011001000110011
00011001001011001
00011001001111111
00011001010001101
00011001010101011
00011001011000001
00011001011100111
00011001100000111
00011001100100001
00011001101001011
00011001101101101
00011001110011111
00011001110111001
00011001111010011
00011001111110101
00011010000010011
00011010000110101
00011010001011111
00011010001111001
00011010010001011
00011010010101101
00011010011000111
00011010011100001
00011010100000001
00011010100100111
00011010101001101
00011010101101011
00011010110011001
00011010110111111
00011010111010101
00011010111110011
00011011000001111
00011011000101001
00011011001000011
00011011001100101
00011011010010111
00011011010110001
00011011011011011
00011011011111101
00011011100011101
00011011100111011
00011011101010001
00011011101110111
00011011110000101
00011011110100011
00011011111001001
00011011111101111
00011100000011111
00011100000111001
00011100001010011
00011100001110101
00011100010000111
00011100010100001
00011100011001011
00011100011101101
00011100100001101
00011100100101011
00011100101000001
00011100101100111
00011100110010101
00011100110110011
00011100111011001
00011100111111111
00011101000000011
00011101000100101
00011101001001111
00011101001101001
00011101010011011
00011101010111101
00011101011010111
00011101011110001
00011101100010001
00011101100110111
00011101101011101
00011101101111011
00011101110001001
00011101110101111
00011101111000101
00011101111100011
00011110000000101
00011110000100011
00011110001001001
00011110001101111
00011110010011101
00011110010111011
00011110011010001
00011110011110111
00011110100010111
00011110100110001
00011110101011011
00011110101111101
00011110110001111
00011110110101001
00011110111000011
00011110111100101
00011111000011001
00011111000111111
00011111001010101
00011111001110011
00011111010000001
00011111010100111
00011111011001101
00011111011101011
00011111100001011
00011111100101101
00011111101000111
00011111101100001
00011111110010011
00011111110110101
00011111111011111
00011111111111001
00100000000001101
00100000000101011
00100000001000001
00100000001100111
00100000010010101
00100000010110011
00100000011011001
00100000011111111
00100000100011111
00100000100111001
00100000101010011
00100000101110101
00100000110000111
00100000110100001
00100000111001011
00100000111101101
00100001000010001
00100001000110111
00100001001011101
00100001001111011
00100001010001001
00100001010101111
00100001011000101
00100001011100011
00100001100000011
00100001100100101
00100001101001111
00100001101101001
00100001110011011
00100001110111101
00100001111010111
00100001111110001
00100010000010111
00100010000110001
00100010001011011
00100010001111101
00100010010001111
00100010010101001
00100010011000011
00100010011100101
00100010100000101
00100010100100011
00100010101001001
00100010101101111
00100010110011101
00100010110111011
00100010111010001
00100010111110111
00100011000001011
00100011000101101
00100011001000111
00100011001100001
00100011010010011
00100011010110101
00100011011011111
00100011011111001
00100011100011001
00100011100111111
00100011101010101
00100011101110011
00100011110000001
00100011110100111
00100011111001101
00100011111101011
00100100000011011
00100100000111101
00100100001010111
00100100001110001
00100100010000011
00100100010100101
00100100011001111
00100100011101001
00100100100001001
00100100100101111
00100100101000101
00100100101100011
00100100110010001
00100100110110111
00100100111011101
00100100111111011
00100101000000111
00100101000100001
00100101001001011
00100101001101101
00100101010011111
00100101010111001
00100101011010011
00100101011110101
00100101100010101
00100101100110011
00100101101011001
00100101101111111
00100101110001101
00100101110101011
00100101111000001
00100101111100111
00100110000000001
00100110000100111
00100110001001101
00100110001101011
00100110010011001
00100110010111111
00100110011010101
00100110011110011
00100110100010011
00100110100110101
00100110101011111
00100110101111001
00100110110001011
00100110110101101
00100110111000111
00100110111100001
00100111000011101
00100111000111011
00100111001010001
00100111001110111
00100111010000101
00100111010100011
00100111011001001
00100111011101111
00100111100001111
00100111100101001
00100111101000011
00100111101100101
00100111110010111
00100111110110001
00100111111011011
00100111111111101
00101000000000011
00101000000100101
00101000001001111
00101000001101001
00101000010011011
00101000010111101
00101000011010111
00101000011110001
00101000100010001
00101000100110111
00101000101011101
00101000101111011
00101000110001001
00101000110101111
00101000111000101
00101000111100011
00101001000011111
00101001000111001
00101001001010011
00101001001110101
00101001010000111
00101001010100001
00101001011001011
00101001011101101
00101001100001101
00101001100101011
00101001101000001
00101001101100111
00101001110010101
00101001110110011
00101001111011001
00101001111111111
00101010000011001
00101010000111111
00101010001010101
00101010001110011
00101010010000001
00101010010100111
00101010011001101
00101010011101011
00101010100001011
00101010100101101
00101010101000111
00101010101100001
00101010110010011
00101010110110101
00101010111011111
00101010111111001
00101011000000101
00101011000100011
00101011001001001
00101011001101111
00101011010011101
00101011010111011
00101011011010001
00101011011110111
00101011100010111
00101011100110001
00101011101011011
00101011101111101
00101011110001111
00101011110101001
00101011111000011
00101011111100101
00101100000010101
00101100000110011
00101100001011001
00101100001111111
00101100010001101
00101100010101011
00101100011000001
00101100011100111
00101100100000111
00101100100100001
00101100101001011
00101100101101101
00101100110011111
00101100110111001
00101100111010011
00101100111110101
00101101000001001
00101101000101111
00101101001000101
00101101001100011
00101101010010001
00101101010110111
00101101011011101
00101101011111011
00101101100011011
00101101100111101
00101101101010111
00101101101110001
00101101110000011
00101101110100101
00101101111001111
00101101111101001
00101110000001111
00101110000101001
00101110001000011
00101110001100101
00101110010010111
00101110010110001
00101110011011011
00101110011111101
00101110100011101
00101110100111011
00101110101010001
00101110101110111
00101110110000101
00101110110100011
00101110111001001
00101110111101111
00101111000010011
00101111000110101
00101111001011111
00101111001111001
00101111010001011
00101111010101101
00101111011000111
00101111011100001
00101111100000001
00101111100100111
00101111101001101
00101111101101011
00101111110011001
00101111110111111
00101111111010101
00101111111110011
00110000000001011
00110000000101101
00110000001000111
00110000001100001
00110000010010011
00110000010110101
00110000011011111
00110000011111001
00110000100011001
00110000100111111
00110000101010101
00110000101110011
00110000110000001
00110000110100111
00110000111001101
00110000111101011
00110001000010111
00110001000110001
00110001001011011
00110001001111101
00110001010001111
00110001010101001
00110001011000011
00110001011100101
00110001100000101
00110001100100011
00110001101001001
00110001101101111
00110001110011101
00110001110111011
00110001111010001
00110001111110111
00110010000010001
00110010000110111
00110010001011101
00110010001111011
00110010010001001
00110010010101111
00110010011000101
00110010011100011
00110010100000011
00110010100100101
00110010101001111
00110010101101001
00110010110011011
00110010110111101
00110010111010111
00110010111110001
00110011000001101
00110011000101011
00110011001000001
00110011001100111
00110011010010101
00110011010110011
00110011011011001
00110011011111111
00110011100011111
00110011100111001
00110011101010011
00110011101110101
00110011110000111
00110011110100001
00110011111001011
00110011111101101
00110100000011101
00110100000111011
00110100001010001
00110100001110111
00110100010000101
00110100010100011
00110100011001001
00110100011101111
00110100100001111
00110100100101001
00110100101000011
00110100101100101
00110100110010111
00110100110110001
00110100111011011
00110100111111101
00110101000000001
00110101000100111
00110101001001101
00110101001101011
00110101010011001
00110101010111111
00110101011010101
00110101011110011
00110101100010011
00110101100110101
00110101101011111
00110101101111001
00110101110001011
00110101110101101
00110101111000111
00110101111100001
00110110000000111
00110110000100001
00110110001001011
00110110001101101
00110110010011111
00110110010111001
00110110011010011
00110110011110101
00110110100010101
00110110100110011
00110110101011001
00110110101111111
00110110110001101
00110110110101011
00110110111000001
00110110111100111
00110111000011011
00110111000111101
00110111001010111
00110111001110001
00110111010000011
00110111010100101
00110111011001111
00110111011101001
00110111100001001
00110111100101111
00110111101000101
00110111101100011
00110111110010001
00110111110110111
00110111111011101
00110111111111011
00111000000000101
00111000000100011
00111000001001001
00111000001101111
00111000010011101
00111000010111011
00111000011010001
00111000011110111
00111000100010111
00111000100110001
00111000101011011
00111000101111101
00111000110001111
00111000110101001
00111000111000011
00111000111100101
00111001000011001
00111001000111111
00111001001010101
00111001001110011
00111001010000001
00111001010100111
00111001011001101
00111001011101011
00111001100001011
00111001100101101
00111001101000111
00111001101100001
00111001110010011
00111001110110101
00111001111011111
00111001111111001
00111010000011111
00111010000111001
00111010001010011
00111010001110101
00111010010000111
00111010010100001
00111010011001011
00111010011101101
00111010100001101
00111010100101011
00111010101000001
00111010101100111
00111010110010101
00111010110110011
00111010111011001
00111010111111111
00111011000000011
00111011000100101
00111011001001111
00111011001101001
00111011010011011
00111011010111101
00111011011010111
00111011011110001
00111011100010001
00111011100110111
00111011101011101
00111011101111011
00111011110001001
00111011110101111
00111011111000101
00111011111100011
00111100000010011
00111100000110101
00111100001011111
00111100001111001
00111100010001011
00111100010101101
00111100011000111
00111100011100001
00111100100000001
00111100100100111
00111100101001101
00111100101101011
00111100110011001
00111100110111111
00111100111010101
00111100111110011
00111101000001111
00111101000101001
00111101001000011
00111101001100101
00111101010010111
00111101010110001
00111101011011011
00111101011111101
00111101100011101
00111101100111011
00111101101010001
00111101101110111
00111101110000101
00111101110100011
00111101111001001
00111101111101111
00111110000001001
00111110000101111
00111110001000101
00111110001100011
00111110010010001
00111110010110111
00111110011011101
00111110011111011
00111110100011011
00111110100111101
00111110101010111
00111110101110001
00111110110000011
00111110110100101
00111110111001111
00111110111101001
00111111000010101
00111111000110011
00111111001011001
00111111001111111
00111111010001101
00111111010101011
00111111011000001
00111111011100111
00111111100000111
00111111100100001
00111111101001011
00111111101101101
00111111110011111
00111111110111001
00111111111010011
00111111111110101
01000000000011001
01000000000111111
01000000001010101
01000000001110011
01000000010000001
01000000010100111
01000000011001101
01000000011101011
01000000100001011
01000000100101101
01000000101000111
01000000101100001
01000000110010011
01000000110110101
01000000111011111
01000000111111001
01000001000000101
01000001000100011
01000001001001001
01000001001101111
01000001010011101
01000001010111011
01000001011010001
01000001011110111
01000001100010111
01000001100110001
01000001101011011
01000001101111101
01000001110001111
01000001110101001
01000001111000011
01000001111100101
01000010000000011
01000010000100101
01000010001001111
01000010001101001
01000010010011011
01000010010111101
01000010011010111
01000010011110001
01000010100010001
01000010100110111
01000010101011101
01000010101111011
01000010110001001
01000010110101111
01000010111000101
01000010111100011
01000011000011111
01000011000111001
01000011001010011
01000011001110101
01000011010000111
01000011010100001
01000011011001011
01000011011101101
01000011100001101
01000011100101011
01000011101000001
01000011101100111
01000011110010101
01000011110110011
01000011111011001
01000011111111111
01000100000001111
01000100000101001
01000100001000011
01000100001100101
01000100010010111
01000100010110001
01000100011011011
01000100011111101
01000100100011101
01000100100111011
01000100101010001
01000100101110111
01000100110000101
01000100110100011
01000100111001001
01000100111101111
01000101000010011
01000101000110101
01000101001011111
01000101001111001
01000101010001011
01000101010101101
01000101011000111
01000101011100001
01000101100000001
01000101100100111
01000101101001101
01000101101101011
01000101110011001
01000101110111111
01000101111010101
01000101111110011
01000110000010101
01000110000110011
01000110001011001
01000110001111111
01000110010001101
01000110010101011
01000110011000001
01000110011100111
01000110100000111
01000110100100001
01000110101001011
01000110101101101
01000110110011111
01000110110111001
01000110111010011
01000110111110101
01000111000001001
01000111000101111
01000111001000101
01000111001100011
01000111010010001
01000111010110111
01000111011011101
01000111011111011
01000111100011011
01000111100111101
01000111101010111
01000111101110001
01000111110000011
01000111110100101
01000111111001111
01000111111101001
01001000000010111
01001000000110001
01001000001011011
01001000001111101
01001000010001111
01001000010101001
01001000011000011
01001000011100101
01001000100000101
01001000100100011
01001000101001001
01001000101101111
01001000110011101
01001000110111011
01001000111010001
01001000111110111
01001001000001011
01001001000101101
01001001001000111
01001001001100001
01001001010010011
01001001010110101
01001001011011111
01001001011111001
01001001100011001
01001001100111111
01001001101010101
01001001101110011
01001001110000001
01001001110100111
01001001111001101
01001001111101011
01001010000001101
01001010000101011
01001010001000001
01001010001100111
01001010010010101
01001010010110011
01001010011011001
01001010011111111
01001010100011111
01001010100111001
01001010101010011
01001010101110101
01001010110000111
01001010110100001
01001010111001011
01001010111101101
01001011000010001
01001011000110111
01001011001011101
01001011001111011
01001011010001001
01001011010101111
01001011011000101
01001011011100011
01001011100000011
01001011100100101
01001011101001111
01001011101101001
01001011110011011
01001011110111101
01001011111010111
01001011111110001
01001100000000001
01001100000100111
01001100001001101
01001100001101011
01001100010011001
01001100010111111
01001100011010101
01001100011110011
01001100100010011
01001100100110101
01001100101011111
01001100101111001
01001100110001011
01001100110101101
01001100111000111
01001100111100001
01001101000011101
01001101000111011
01001101001010001
01001101001110111
01001101010000101
01001101010100011
01001101011001001
01001101011101111
01001101100001111
01001101100101001
01001101101000011
01001101101100101
01001101110010111
01001101110110001
01001101111011011
01001101111111101
01001110000011011
01001110000111101
01001110001010111
01001110001110001
01001110010000011
01001110010100101
01001110011001111
01001110011101001
01001110100001001
01001110100101111
01001110101000101
01001110101100011
01001110110010001
01001110110110111
01001110111011101
01001110111111011
01001111000000111
01001111000100001
01001111001001011
01001111001101101
01001111010011111
01001111010111001
01001111011010011
01001111011110101
01001111100010101
01001111100110011
01001111101011001
01001111101111111
01001111110001101
01001111110101011
01001111111000001
01001111111100111
01010000000011111
01010000000111001
01010000001010011
01010000001110101
01010000010000111
01010000010100001
01010000011001011
01010000011101101
01010000100001101
01010000100101011
01010000101000001
01010000101100111
01010000110010101
01010000110110011
01010000111011001
01010000111111111
01010001000000011
01010001000100101
01010001001001111
01010001001101001
01010001010011011
01010001010111101
01010001011010111
01010001011110001
01010001100010001
01010001100110111
01010001101011101
01010001101111011
01010001110001001
01010001110101111
01010001111000101
01010001111100011
01010010000000101
01010010000100011
01010010001001001
01010010001101111
01010010010011101
01010010010111011
01010010011010001
01010010011110111
01010010100010111
01010010100110001
01010010101011011
01010010101111101
01010010110001111
01010010110101001
01010010111000011
01010010111100101
01010011000011001
01010011000111111
01010011001010101
01010011001110011
01010011010000001
01010011010100111
01010011011001101
01010011011101011
01010011100001011
01010011100101101
01010011101000111
01010011101100001
01010011110010011
01010011110110101
01010011111011111
01010011111111001
01010100000001001
01010100000101111
01010100001000101
01010100001100011
01010100010010001
01010100010110111
01010100011011101
01010100011111011
01010100100011011
01010100100111101
01010100101010111
01010100101110001
01010100110000011
01010100110100101
01010100111001111
01010100111101001
01010101000010101
01010101000110011
01010101001011001
01010101001111111
01010101010001101
01010101010101011
01010101011000001
01010101011100111
01010101100000111
01010101100100001
01010101101001011
01010101101101101
01010101110011111
01010101110111001
01010101111010011
01010101111110101
01010110000010011
01010110000110101
01010110001011111
01010110001111001
01010110010001011
01010110010101101
01010110011000111
01010110011100001
01010110100000001
01010110100100111
01010110101001101
01010110101101011
01010110110011001
01010110110111111
01010110111010101
01010110111110011
01010111000001111
01010111000101001
01010111001000011
01010111001100101
01010111010010111
01010111010110001
01010111011011011
01010111011111101
01010111100011101
01010111100111011
01010111101010001
01010111101110111
01010111110000101
01010111110100011
01010111111001001
01010111111101111
01011000000010001
01011000000110111
01011000001011101
01011000001111011
01011000010001001
01011000010101111
01011000011000101
01011000011100011
01011000100000011
01011000100100101
01011000101001111
01011000101101001
01011000110011011
01011000110111101
01011000111010111
01011000111110001
01011001000001101
01011001000101011
01011001001000001
01011001001100111
01011001010010101
01011001010110011
01011001011011001
01011001011111111
01011001100011111
01011001100111001
01011001101010011
01011001101110101
01011001110000111
01011001110100001
01011001111001011
01011001111101101
01011010000001011
01011010000101101
01011010001000111
01011010001100001
01011010010010011
01011010010110101
01011010011011111
01011010011111001
01011010100011001
01011010100111111
01011010101010101
01011010101110011
01011010110000001
01011010110100111
01011010111001101
01011010111101011
01011011000010111
01011011000110001
01011011001011011
01011011001111101
01011011010001111
01011011010101001
01011011011000011
01011011011100101
01011011100000101
01011011100100011
01011011101001001
01011011101101111
01011011110011101
01011011110111011
01011011111010001
01011011111110111
01011100000000111
01011100000100001
01011100001001011
01011100001101101
01011100010011111
01011100010111001
01011100011010011
01011100011110101
01011100100010101
01011100100110011
01011100101011001
01011100101111111
01011100110001101
01011100110101011
01011100111000001
01011100111100111
01011101000011011
01011101000111101
01011101001010111
01011101001110001
01011101010000011
01011101010100101
01011101011001111
01011101011101001
01011101100001001
01011101100101111
01011101101000101
01011101101100011
01011101110010001
01011101110110111
01011101111011101
01011101111111011
01011110000011101
01011110000111011
01011110001010001
01011110001110111
01011110010000101
01011110010100011
01011110011001001
01011110011101111
01011110100001111
01011110100101001
01011110101000011
01011110101100101
01011110110010111
01011110110110001
01011110111011011
01011110111111101
01011111000000001
01011111000100111
01011111001001101
01011111001101011
01011111010011001
01011111010111111
01011111011010101
01011111011110011
01011111100010011
01011111100110101
01011111101011111
01011111101111001
01011111110001011
01011111110101101
01011111111000111
01011111111100001
01100000000010101
01100000000110011
01100000001011001
01100000001111111
01100000010001101
01100000010101011
01100000011000001
01100000011100111
01100000100000111
01100000100100001
01100000101001011
01100000101101101
01100000110011111
01100000110111001
01100000111010011
01100000111110101
01100001000001001
01100001000101111
01100001001000101
01100001001100011
01100001010010001
01100001010110111
01100001011011101
01100001011111011
01100001100011011
01100001100111101
01100001101010111
01100001101110001
01100001110000011
01100001110100101
01100001111001111
01100001111101001
01100010000001111
01100010000101001
01100010001000011
01100010001100101
01100010010010111
01100010010110001
01100010011011011
01100010011111101
01100010100011101
01100010100111011
01100010101010001
01100010101110111
01100010110000101
01100010110100011
01100010111001001
01100010111101111
01100011000010011
01100011000110101
01100011001011111
01100011001111001
01100011010001011
01100011010101101
01100011011000111
01100011011100001
01100011100000001
01100011100100111
01100011101001101
01100011101101011
01100011110011001
01100011110111111
01100011111010101
01100011111110011
01100100000000011
01100100000100101
01100100001001111
01100100001101001
01100100010011011
01100100010111101
01100100011010111
01100100011110001
01100100100010001
01100100100110111
01100100101011101
01100100101111011
01100100110001001
01100100110101111
01100100111000101
01100100111100011
01100101000011111
01100101000111001
01100101001010011
01100101001110101
01100101010000111
01100101010100001
01100101011001011
01100101011101101
01100101100001101
01100101100101011
01100101101000001
01100101101100111
01100101110010101
01100101110110011
01100101111011001
01100101111111111
01100110000011001
01100110000111111
01100110001010101
01100110001110011
01100110010000001
01100110010100111
01100110011001101
01100110011101011
01100110100001011
01100110100101101
01100110101000111
01100110101100001
01100110110010011
01100110110110101
01100110111011111
01100110111111001
01100111000000101
01100111000100011
01100111001001001
01100111001101111
01100111010011101
01100111010111011
01100111011010001
01100111011110111
01100111100010111
01100111100110001
01100111101011011
01100111101111101
01100111110001111
01100111110101001
01100111111000011
01100111111100101
01101000000011011
01101000000111101
01101000001010111
01101000001110001
01101000010000011
01101000010100101
01101000011001111
01101000011101001
01101000100001001
01101000100101111
01101000101000101
01101000101100011
01101000110010001
01101000110110111
01101000111011101
01101000111111011
01101001000000111
01101001000100001
01101001001001011
01101001001101101
01101001010011111
01101001010111001
01101001011010011
01101001011110101
01101001100010101
01101001100110011
01101001101011001
01101001101111111
01101001110001101
01101001110101011
01101001111000001
01101001111100111
01101010000000001
01101010000100111
01101010001001101
01101010001101011
01101010010011001
01101010010111111
01101010011010101
01101010011110011
01101010100010011
01101010100110101
01101010101011111
01101010101111001
01101010110001011
01101010110101101
01101010111000111
01101010111100001
01101011000011101
01101011000111011
01101011001010001
01101011001110111
01101011010000101
01101011010100011
01101011011001001
01101011011101111
01101011100001111
01101011100101001
01101011101000011
01101011101100101
01101011110010111
01101011110110001
01101011111011011
01101011111111101
01101100000001101
01101100000101011
01101100001000001
01101100001100111
01101100010010101
01101100010110011
01101100011011001
01101100011111111
01101100100011111
01101100100111001
01101100101010011
01101100101110101
01101100110000111
01101100110100001
01101100111001011
01101100111101101
01101101000010001
01101101000110111
01101101001011101
01101101001111011
01101101010001001
01101101010101111
01101101011000101
01101101011100011
01101101100000011
01101101100100101
01101101101001111
01101101101101001
01101101110011011
01101101110111101
01101101111010111
01101101111110001
01101110000010111
01101110000110001
01101110001011011
01101110001111101
01101110010001111
01101110010101001
01101110011000011
01101110011100101
01101110100000101
01101110100100011
01101110101001001
01101110101101111
01101110110011101
01101110110111011
01101110111010001
01101110111110111
01101111000001011
01101111000101101
01101111001000111
01101111001100001
01101111010010011
01101111010110101
01101111011011111
01101111011111001
01101111100011001
01101111100111111
01101111101010101
01101111101110011
01101111110000001
01101111110100111
01101111111001101
01101111111101011
01110000000010011
01110000000110101
01110000001011111
01110000001111001
01110000010001011
01110000010101101
01110000011000111
01110000011100001
01110000100000001
01110000100100111
01110000101001101
01110000101101011
01110000110011001
01110000110111111
01110000111010101
01110000111110011
01110001000001111
01110001000101001
01110001001000011
01110001001100101
01110001010010111
01110001010110001
01110001011011011
01110001011111101
01110001100011101
01110001100111011
01110001101010001
01110001101110111
01110001110000101
01110001110100011
01110001111001001
01110001111101111
01110010000001001
01110010000101111
01110010001000101
01110010001100011
01110010010010001
01110010010110111
01110010011011101
01110010011111011
01110010100011011
01110010100111101
01110010101010111
01110010101110001
01110010110000011
01110010110100101
01110010111001111
01110010111101001
01110011000010101
01110011000110011
01110011001011001
01110011001111111
01110011010001101
01110011010101011
01110011011000001
01110011011100111
01110011100000111
01110011100100001
01110011101001011
01110011101101101
01110011110011111
01110011110111001
01110011111010011
01110011111110101
01110100000000101
01110100000100011
01110100001001001
01110100001101111
01110100010011101
01110100010111011
01110100011010001
01110100011110111
01110100100010111
01110100100110001
01110100101011011
01110100101111101
01110100110001111
01110100110101001
01110100111000011
01110100111100101
01110101000011001
01110101000111111
01110101001010101
01110101001110011
01110101010000001
01110101010100111
01110101011001101
01110101011101011
01110101100001011
01110101100101101
01110101101000111
01110101101100001
01110101110010011
01110101110110101
01110101111011111
01110101111111001
01110110000011111
01110110000111001
01110110001010011
01110110001110101
01110110010000111
01110110010100001
01110110011001011
01110110011101101
01110110100001101
01110110100101011
01110110101000001
01110110101100111
01110110110010101
01110110110110011
01110110111011001
01110110111111111
01110111000000011
01110111000100101
01110111001001111
01110111001101001
01110111010011011
01110111010111101
01110111011010111
01110111011110001
01110111100010001
01110111100110111
01110111101011101
01110111101111011
01110111110001001
01110111110101111
01110111111000101
01110111111100011
01111000000011101
01111000000111011
01111000001010001
01111000001110111
01111000010000101
01111000010100011
01111000011001001
01111000011101111
01111000100001111
01111000100101001
01111000101000011
01111000101100101
01111000110010111
01111000110110001
01111000111011011
01111000111111101
01111001000000001
01111001000100111
01111001001001101
01111001001101011
01111001010011001
01111001010111111
01111001011010101
01111001011110011
01111001100010011
01111001100110101
01111001101011111
01111001101111001
01111001110001011
01111001110101101
01111001111000111
01111001111100001
01111010000000111
01111010000100001
01111010001001011
01111010001101101
01111010010011111
01111010010111001
01111010011010011
01111010011110101
01111010100010101
01111010100110011
01111010101011001
01111010101111111
01111010110001101
01111010110101011
01111010111000001
01111010111100111
01111011000011011
01111011000111101
01111011001010111
01111011001110001
01111011010000011
01111011010100101
01111011011001111
01111011011101001
01111011100001001
01111011100101111
01111011101000101
01111011101100011
01111011110010001
01111011110110111
01111011111011101
01111011111111011
01111100000001011
01111100000101101
01111100001000111
01111100001100001
01111100010010011
01111100010110101
01111100011011111
01111100011111001
01111100100011001
01111100100111111
01111100101010101
01111100101110011
01111100110000001
01111100110100111
01111100111001101
01111100111101011
01111101000010111
01111101000110001
01111101001011011
01111101001111101
01111101010001111
01111101010101001
01111101011000011
01111101011100101
01111101100000101
01111101100100011
01111101101001001
01111101101101111
01111101110011101
01111101110111011
01111101111010001
01111101111110111
01111110000010001
01111110000110111
01111110001011101
01111110001111011
01111110010001001
01111110010101111
01111110011000101
01111110011100011
01111110100000011
01111110100100101
01111110101001111
01111110101101001
01111110110011011
01111110110111101
01111110111010111
01111110111110001
01111111000001101
01111111000101011
01111111001000001
01111111001100111
01111111010010101
01111111010110011
01111111011011001
01111111011111111
01111111100011111
01111111100111001
01111111101010011
01111111101110101
01111111110000111
01111111110100001
01111111111001011
01111111111101101
10000000000010011
10000000000110101
10000000001011111
10000000001111001
10000000010001011
10000000010101101
10000000011000111
10000000011100001
10000000100000001
10000000100100111
10000000101001101
10000000101101011
10000000110011001
10000000110111111
10000000111010101
10000000111110011
10000001000001111
10000001000101001
10000001001000011
10000001001100101
10000001010010111
10000001010110001
10000001011011011
10000001011111101
10000001100011101
10000001100111011
10000001101010001
10000001101110111
10000001110000101
10000001110100011
10000001111001001
10000001111101111
10000010000001001
10000010000101111
10000010001000101
10000010001100011
10000010010010001
10000010010110111
10000010011011101
10000010011111011
10000010100011011
10000010100111101
10000010101010111
10000010101110001
10000010110000011
10000010110100101
10000010111001111
10000010111101001
10000011000010101
10000011000110011
10000011001011001
10000011001111111
10000011010001101
10000011010101011
10000011011000001
10000011011100111
10000011100000111
10000011100100001
10000011101001011
10000011101101101
10000011110011111
10000011110111001
10000011111010011
10000011111110101
10000100000000101
10000100000100011
10000100001001001
10000100001101111
10000100010011101
10000100010111011
10000100011010001
10000100011110111
10000100100010111
10000100100110001
10000100101011011
10000100101111101
10000100110001111
10000100110101001
10000100111000011
10000100111100101
10000101000011001
10000101000111111
10000101001010101
10000101001110011
10000101010000001
10000101010100111
10000101011001101
10000101011101011
10000101100001011
10000101100101101
10000101101000111
10000101101100001
10000101110010011
10000101110110101
10000101111011111
10000101111111001
10000110000011111
10000110000111001
10000110001010011
10000110001110101
10000110010000111
10000110010100001
10000110011001011
10000110011101101
10000110100001101
10000110100101011
10000110101000001
10000110101100111
10000110110010101
10000110110110011
10000110111011001
10000110111111111
10000111000000011
10000111000100101
10000111001001111
10000111001101001
10000111010011011
10000111010111101
10000111011010111
10000111011110001
10000111100010001
10000111100110111
10000111101011101
10000111101111011
10000111110001001
10000111110101111
10000111111000101
10000111111100011
10001000000011101
10001000000111011
10001000001010001
10001000001110111
10001000010000101
10001000010100011
10001000011001001
10001000011101111
10001000100001111
10001000100101001
10001000101000011
10001000101100101
10001000110010111
10001000110110001
10001000111011011
10001000111111101
10001001000000001
10001001000100111
10001001001001101
10001001001101011
10001001010011001
10001001010111111
10001001011010101
10001001011110011
10001001100010011
10001001100110101
10001001101011111
10001001101111001
10001001110001011
10001001110101101
10001001111000111
10001001111100001
10001010000000111
10001010000100001
10001010001001011
10001010001101101
10001010010011111
10001010010111001
10001010011010011
10001010011110101
10001010100010101
10001010100110011
10001010101011001
10001010101111111
10001010110001101
10001010110101011
10001010111000001
10001010111100111
10001011000011011
10001011000111101
10001011001010111
10001011001110001
10001011010000011
10001011010100101
10001011011001111
10001011011101001
10001011100001001
10001011100101111
10001011101000101
10001011101100011
10001011110010001
10001011110110111
10001011111011101
10001011111111011
10001100000001011
10001100000101101
10001100001000111
10001100001100001
10001100010010011
10001100010110101
10001100011011111
10001100011111001
10001100100011001
10001100100111111
10001100101010101
10001100101110011
10001100110000001
10001100110100111
10001100111001101
10001100111101011
10001101000010111
10001101000110001
10001101001011011
10001101001111101
10001101010001111
10001101010101001
10001101011000011
10001101011100101
10001101100000101
10001101100100011
10001101101001001
10001101101101111
10001101110011101
10001101110111011
10001101111010001
10001101111110111
10001110000010001
10001110000110111
10001110001011101
10001110001111011
10001110010001001
10001110010101111
10001110011000101
10001110011100011
10001110100000011
10001110100100101
10001110101001111
10001110101101001
10001110110011011
10001110110111101
10001110111010111
10001110111110001
10001111000001101
10001111000101011
10001111001000001
10001111001100111
10001111010010101
10001111010110011
10001111011011001
10001111011111111
10001111100011111
10001111100111001
10001111101010011
10001111101110101
10001111110000111
10001111110100001
10001111111001011
10001111111101101
10010000000010101
10010000000110011
10010000001011001
10010000001111111
10010000010001101
10010000010101011
10010000011000001
10010000011100111
10010000100000111
10010000100100001
10010000101001011
10010000101101101
10010000110011111
10010000110111001
10010000111010011
10010000111110101
10010001000001001
10010001000101111
10010001001000101
10010001001100011
10010001010010001
10010001010110111
10010001011011101
10010001011111011
10010001100011011
10010001100111101
10010001101010111
10010001101110001
10010001110000011
10010001110100101
10010001111001111
10010001111101001
10010010000001111
10010010000101001
10010010001000011
10010010001100101
10010010010010111
10010010010110001
10010010011011011
10010010011111101
10010010100011101
10010010100111011
10010010101010001
10010010101110111
10010010110000101
10010010110100011
10010010111001001
10010010111101111
10010011000010011
10010011000110101
10010011001011111
10010011001111001
10010011010001011
10010011010101101
10010011011000111
10010011011100001
10010011100000001
10010011100100111
10010011101001101
10010011101101011
10010011110011001
10010011110111111
10010011111010101
10010011111110011
10010100000000011
10010100000100101
10010100001001111
10010100001101001
10010100010011011
10010100010111101
10010100011010111
10010100011110001
10010100100010001
10010100100110111
10010100101011101
10010100101111011
10010100110001001
10010100110101111
10010100111000101
10010100111100011
10010101000011111
10010101000111001
10010101001010011
10010101001110101
10010101010000111
10010101010100001
10010101011001011
10010101011101101
10010101100001101
10010101100101011
10010101101000001
10010101101100111
10010101110010101
10010101110110011
10010101111011001
10010101111111111
10010110000011001
10010110000111111
10010110001010101
10010110001110011
10010110010000001
10010110010100111
10010110011001101
10010110011101011
10010110100001011
10010110100101101
10010110101000111
10010110101100001
10010110110010011
10010110110110101
10010110111011111
10010110111111001
10010111000000101
10010111000100011
10010111001001001
10010111001101111
10010111010011101
10010111010111011
10010111011010001
10010111011110111
10010111100010111
10010111100110001
10010111101011011
10010111101111101
10010111110001111
10010111110101001
10010111111000011
10010111111100101
10011000000011011
10011000000111101
10011000001010111
10011000001110001
10011000010000011
10011000010100101
10011000011001111
10011000011101001
10011000100001001
10011000100101111
10011000101000101
10011000101100011
10011000110010001
10011000110110111
10011000111011101
10011000111111011
10011001000000111
10011001000100001
10011001001001011
10011001001101101
10011001010011111
10011001010111001
10011001011010011
10011001011110101
10011001100010101
10011001100110011
10011001101011001
10011001101111111
10011001110001101
10011001110101011
10011001111000001
10011001111100111
10011010000000001
10011010000100111
10011010001001101
10011010001101011
10011010010011001
10011010010111111
10011010011010101
10011010011110011
10011010100010011
10011010100110101
10011010101011111
10011010101111001
10011010110001011
10011010110101101
10011010111000111
10011010111100001
10011011000011101
10011011000111011
10011011001010001
10011011001110111
10011011010000101
10011011010100011
10011011011001001
10011011011101111
10011011100001111
10011011100101001
10011011101000011
10011011101100101
10011011110010111
10011011110110001
10011011111011011
10011011111111101
10011100000001101
10011100000101011
10011100001000001
10011100001100111
10011100010010101
10011100010110011
10011100011011001
10011100011111111
10011100100011111
10011100100111001
10011100101010011
10011100101110101
10011100110000111
10011100110100001
10011100111001011
10011100111101101
10011101000010001
10011101000110111
10011101001011101
10011101001111011
10011101010001001
10011101010101111
10011101011000101
10011101011100011
10011101100000011
10011101100100101
10011101101001111
10011101101101001
10011101110011011
10011101110111101
10011101111010111
10011101111110001
10011110000010111
10011110000110001
10011110001011011
10011110001111101
10011110010001111
10011110010101001
10011110011000011
10011110011100101
10011110100000101
10011110100100011
10011110101001001
10011110101101111
10011110110011101
10011110110111011
10011110111010001
10011110111110111
10011111000001011
10011111000101101
10011111001000111
10011111001100001
10011111010010011
10011111010110101
10011111011011111
10011111011111001
10011111100011001
10011111100111111
10011111101010101
10011111101110011
10011111110000001
10011111110100111
10011111111001101
10011111111101011
10100000000011111
10100000000111001
10100000001010011
10100000001110101
10100000010000111
10100000010100001
10100000011001011
10100000011101101
10100000100001101
10100000100101011
10100000101000001
10100000101100111
10100000110010101
10100000110110011
10100000111011001
10100000111111111
10100001000000011
10100001000100101
10100001001001111
10100001001101001
10100001010011011
10100001010111101
10100001011010111
10100001011110001
10100001100010001
10100001100110111
10100001101011101
10100001101111011
10100001110001001
10100001110101111
10100001111000101
10100001111100011
10100010000000101
10100010000100011
10100010001001001
10100010001101111
10100010010011101
10100010010111011
10100010011010001
10100010011110111
10100010100010111
10100010100110001
10100010101011011
10100010101111101
10100010110001111
10100010110101001
10100010111000011
10100010111100101
10100011000011001
10100011000111111
10100011001010101
10100011001110011
10100011010000001
10100011010100111
10100011011001101
10100011011101011
10100011100001011
10100011100101101
10100011101000111
10100011101100001
10100011110010011
10100011110110101
10100011111011111
10100011111111001
10100100000001001
10100100000101111
10100100001000101
10100100001100011
10100100010010001
10100100010110111
10100100011011101
10100100011111011
10100100100011011
10100100100111101
10100100101010111
10100100101110001
10100100110000011
10100100110100101
10100100111001111
10100100111101001
10100101000010101
10100101000110011
10100101001011001
10100101001111111
10100101010001101
10100101010101011
10100101011000001
10100101011100111
10100101100000111
10100101100100001
10100101101001011
10100101101101101
10100101110011111
10100101110111001
10100101111010011
10100101111110101
10100110000010011
10100110000110101
10100110001011111
10100110001111001
10100110010001011
10100110010101101
10100110011000111
10100110011100001
10100110100000001
10100110100100111
10100110101001101
10100110101101011
10100110110011001
10100110110111111
10100110111010101
10100110111110011
10100111000001111
10100111000101001
10100111001000011
10100111001100101
10100111010010111
10100111010110001
10100111011011011
10100111011111101
10100111100011101
10100111100111011
10100111101010001
10100111101110111
10100111110000101
10100111110100011
10100111111001001
10100111111101111
10101000000010001
10101000000110111
10101000001011101
10101000001111011
10101000010001001
10101000010101111
10101000011000101
10101000011100011
10101000100000011
10101000100100101
10101000101001111
10101000101101001
10101000110011011
10101000110111101
10101000111010111
10101000111110001
10101001000001101
10101001000101011
10101001001000001
10101001001100111
10101001010010101
10101001010110011
10101001011011001
10101001011111111
10101001100011111
10101001100111001
10101001101010011
10101001101110101
10101001110000111
10101001110100001
10101001111001011
10101001111101101
10101010000001011
10101010000101101
10101010001000111
10101010001100001
10101010010010011
10101010010110101
10101010011011111
10101010011111001
10101010100011001
10101010100111111
10101010101010101
10101010101110011
10101010110000001
10101010110100111
10101010111001101
10101010111101011
10101011000010111
10101011000110001
10101011001011011
10101011001111101
10101011010001111
10101011010101001
10101011011000011
10101011011100101
10101011100000101
10101011100100011
10101011101001001
10101011101101111
10101011110011101
10101011110111011
10101011111010001
10101011111110111
10101100000000111
10101100000100001
10101100001001011
10101100001101101
10101100010011111
10101100010111001
10101100011010011
10101100011110101
10101100100010101
10101100100110011
10101100101011001
10101100101111111
10101100110001101
10101100110101011
10101100111000001
10101100111100111
10101101000011011
10101101000111101
10101101001010111
10101101001110001
10101101010000011
10101101010100101
10101101011001111
10101101011101001
10101101100001001
10101101100101111
10101101101000101
10101101101100011
10101101110010001
10101101110110111
10101101111011101
10101101111111011
10101110000011101
10101110000111011
10101110001010001
10101110001110111
10101110010000101
10101110010100011
10101110011001001
10101110011101111
10101110100001111
10101110100101001
10101110101000011
10101110101100101
10101110110010111
10101110110110001
10101110111011011
10101110111111101
10101111000000001
10101111000100111
10101111001001101
10101111001101011
10101111010011001
10101111010111111
10101111011010101
10101111011110011
10101111100010011
10101111100110101
10101111101011111
10101111101111001
10101111110001011
10101111110101101
10101111111000111
10101111111100001
10110000000011001
10110000000111111
10110000001010101
10110000001110011
10110000010000001
10110000010100111
10110000011001101
10110000011101011
10110000100001011
10110000100101101
10110000101000111
10110000101100001
10110000110010011
10110000110110101
10110000111011111
10110000111111001
10110001000000101
10110001000100011
10110001001001001
10110001001101111
10110001010011101
10110001010111011
10110001011010001
10110001011110111
10110001100010111
10110001100110001
10110001101011011
10110001101111101
10110001110001111
10110001110101001
10110001111000011
10110001111100101
10110010000000011
10110010000100101
10110010001001111
10110010001101001
10110010010011011
10110010010111101
10110010011010111
10110010011110001
10110010100010001
10110010100110111
10110010101011101
10110010101111011
10110010110001001
10110010110101111
10110010111000101
10110010111100011
10110011000011111
10110011000111001
10110011001010011
10110011001110101
10110011010000111
10110011010100001
10110011011001011
10110011011101101
10110011100001101
10110011100101011
10110011101000001
10110011101100111
10110011110010101
10110011110110011
10110011111011001
10110011111111111
10110100000001111
10110100000101001
10110100001000011
10110100001100101
10110100010010111
10110100010110001
10110100011011011
10110100011111101
10110100100011101
10110100100111011
10110100101010001
10110100101110111
10110100110000101
10110100110100011
10110100111001001
10110100111101111
10110101000010011
10110101000110101
10110101001011111
10110101001111001
10110101010001011
10110101010101101
10110101011000111
10110101011100001
10110101100000001
10110101100100111
10110101101001101
10110101101101011
10110101110011001
10110101110111111
10110101111010101
10110101111110011
10110110000010101
10110110000110011
10110110001011001
10110110001111111
10110110010001101
10110110010101011
10110110011000001
10110110011100111
10110110100000111
10110110100100001
10110110101001011
10110110101101101
10110110110011111
10110110110111001
10110110111010011
10110110111110101
10110111000001001
10110111000101111
10110111001000101
10110111001100011
10110111010010001
10110111010110111
10110111011011101
10110111011111011
10110111100011011
10110111100111101
10110111101010111
10110111101110001
10110111110000011
10110111110100101
10110111111001111
10110111111101001
10111000000010111
10111000000110001
10111000001011011
10111000001111101
10111000010001111
10111000010101001
10111000011000011
10111000011100101
10111000100000101
10111000100100011
10111000101001001
10111000101101111
10111000110011101
10111000110111011
10111000111010001
10111000111110111
10111001000001011
10111001000101101
10111001001000111
10111001001100001
10111001010010011
10111001010110101
10111001011011111
10111001011111001
10111001100011001
10111001100111111
10111001101010101
10111001101110011
10111001110000001
10111001110100111
10111001111001101
10111001111101011
10111010000001101
10111010000101011
10111010001000001
10111010001100111
10111010010010101
10111010010110011
10111010011011001
10111010011111111
10111010100011111
10111010100111001
10111010101010011
10111010101110101
10111010110000111
10111010110100001
10111010111001011
10111010111101101
10111011000010001
10111011000110111
10111011001011101
10111011001111011
10111011010001001
10111011010101111
10111011011000101
10111011011100011
10111011100000011
10111011100100101
10111011101001111
10111011101101001
10111011110011011
10111011110111101
10111011111010111
10111011111110001
10111100000000001
10111100000100111
10111100001001101
10111100001101011
10111100010011001
10111100010111111
10111100011010101
10111100011110011
10111100100010011
10111100100110101
10111100101011111
10111100101111001
10111100110001011
10111100110101101
10111100111000111
10111100111100001
10111101000011101
10111101000111011
10111101001010001
10111101001110111
10111101010000101
10111101010100011
10111101011001001
10111101011101111
10111101100001111
10111101100101001
10111101101000011
10111101101100101
10111101110010111
10111101110110001
10111101111011011
10111101111111101
10111110000011011
10111110000111101
10111110001010111
10111110001110001
10111110010000011
10111110010100101
10111110011001111
10111110011101001
10111110100001001
10111110100101111
10111110101000101
10111110101100011
10111110110010001
10111110110110111
10111110111011101
10111110111111011
10111111000000111
10111111000100001
10111111001001011
10111111001101101
10111111010011111
10111111010111001
10111111011010011
10111111011110101
10111111100010101
10111111100110011
10111111101011001
10111111101111111
10111111110001101
10111111110101011
10111111111000001
10111111111100111
11000000000001011
11000000000101101
11000000001000111
11000000001100001
11000000010010011
11000000010110101
11000000011011111
11000000011111001
11000000100011001
11000000100111111
11000000101010101
11000000101110011
11000000110000001
11000000110100111
11000000111001101
11000000111101011
11000001000010111
11000001000110001
11000001001011011
11000001001111101
11000001010001111
11000001010101001
11000001011000011
11000001011100101
11000001100000101
11000001100100011
11000001101001001
11000001101101111
11000001110011101
11000001110111011
11000001111010001
11000001111110111
11000010000010001
11000010000110111
11000010001011101
11000010001111011
11000010010001001
11000010010101111
11000010011000101
11000010011100011
11000010100000011
11000010100100101
11000010101001111
11000010101101001
11000010110011011
11000010110111101
11000010111010111
11000010111110001
11000011000001101
11000011000101011
11000011001000001
11000011001100111
11000011010010101
11000011010110011
11000011011011001
11000011011111111
11000011100011111
11000011100111001
11000011101010011
11000011101110101
11000011110000111
11000011110100001
11000011111001011
11000011111101101
11000100000011101
11000100000111011
11000100001010001
11000100001110111
11000100010000101
11000100010100011
11000100011001001
11000100011101111
11000100100001111
11000100100101001
11000100101000011
11000100101100101
11000100110010111
11000100110110001
11000100111011011
11000100111111101
11000101000000001
11000101000100111
11000101001001101
11000101001101011
11000101010011001
11000101010111111
11000101011010101
11000101011110011
11000101100010011
11000101100110101
11000101101011111
11000101101111001
11000101110001011
11000101110101101
11000101111000111
11000101111100001
11000110000000111
11000110000100001
11000110001001011
11000110001101101
11000110010011111
11000110010111001
11000110011010011
11000110011110101
11000110100010101
11000110100110011
11000110101011001
11000110101111111
11000110110001101
11000110110101011
11000110111000001
11000110111100111
11000111000011011
11000111000111101
11000111001010111
11000111001110001
11000111010000011
11000111010100101
11000111011001111
11000111011101001
11000111100001001
11000111100101111
11000111101000101
11000111101100011
11000111110010001
11000111110110111
11000111111011101
11000111111111011
11001000000000101
11001000000100011
11001000001001001
11001000001101111
11001000010011101
11001000010111011
11001000011010001
11001000011110111
11001000100010111
11001000100110001
11001000101011011
11001000101111101
11001000110001111
11001000110101001
11001000111000011
11001000111100101
11001001000011001
11001001000111111
11001001001010101
11001001001110011
11001001010000001
11001001010100111
11001001011001101
11001001011101011
11001001100001011
11001001100101101
11001001101000111
11001001101100001
11001001110010011
11001001110110101
11001001111011111
11001001111111001
11001010000011111
11001010000111001
11001010001010011
11001010001110101
11001010010000111
11001010010100001
11001010011001011
11001010011101101
11001010100001101
11001010100101011
11001010101000001
11001010101100111
11001010110010101
11001010110110011
11001010111011001
11001010111111111
11001011000000011
11001011000100101
11001011001001111
11001011001101001
11001011010011011
11001011010111101
11001011011010111
11001011011110001
11001011100010001
11001011100110111
11001011101011101
11001011101111011
11001011110001001
11001011110101111
11001011111000101
11001011111100011
11001100000010011
11001100000110101
11001100001011111
11001100001111001
11001100010001011
11001100010101101
11001100011000111
11001100011100001
11001100100000001
11001100100100111
11001100101001101
11001100101101011
11001100110011001
11001100110111111
11001100111010101
11001100111110011
11001101000001111
11001101000101001
11001101001000011
11001101001100101
11001101010010111
11001101010110001
11001101011011011
11001101011111101
11001101100011101
11001101100111011
11001101101010001
11001101101110111
11001101110000101
11001101110100011
11001101111001001
11001101111101111
11001110000001001
11001110000101111
11001110001000101
11001110001100011
11001110010010001
11001110010110111
11001110011011101
11001110011111011
11001110100011011
11001110100111101
11001110101010111
11001110101110001
11001110110000011
11001110110100101
11001110111001111
11001110111101001
11001111000010101
11001111000110011
11001111001011001
11001111001111111
11001111010001101
11001111010101011
11001111011000001
11001111011100111
11001111100000111
11001111100100001
11001111101001011
11001111101101101
11001111110011111
11001111110111001
11001111111010011
11001111111110101
11010000000001101
11010000000101011
11010000001000001
11010000001100111
11010000010010101
11010000010110011
11010000011011001
11010000011111111
11010000100011111
11010000100111001
11010000101010011
11010000101110101
11010000110000111
11010000110100001
11010000111001011
11010000111101101
11010001000010001
11010001000110111
11010001001011101
11010001001111011
11010001010001001
11010001010101111
11010001011000101
11010001011100011
11010001100000011
11010001100100101
11010001101001111
11010001101101001
11010001110011011
11010001110111101
11010001111010111
11010001111110001
11010010000010111
11010010000110001
11010010001011011
11010010001111101
11010010010001111
11010010010101001
11010010011000011
11010010011100101
11010010100000101
11010010100100011
11010010101001001
11010010101101111
11010010110011101
11010010110111011
11010010111010001
11010010111110111
11010011000001011
11010011000101101
11010011001000111
11010011001100001
11010011010010011
11010011010110101
11010011011011111
11010011011111001
11010011100011001
11010011100111111
11010011101010101
11010011101110011
11010011110000001
11010011110100111
11010011111001101
11010011111101011
11010100000011011
11010100000111101
11010100001010111
11010100001110001
11010100010000011
11010100010100101
11010100011001111
11010100011101001
11010100100001001
11010100100101111
11010100101000101
11010100101100011
11010100110010001
11010100110110111
11010100111011101
11010100111111011
11010101000000111
11010101000100001
11010101001001011
11010101001101101
11010101010011111
11010101010111001
11010101011010011
11010101011110101
11010101100010101
11010101100110011
11010101101011001
11010101101111111
11010101110001101
11010101110101011
11010101111000001
11010101111100111
11010110000000001
11010110000100111
11010110001001101
11010110001101011
11010110010011001
11010110010111111
11010110011010101
11010110011110011
11010110100010011
11010110100110101
11010110101011111
11010110101111001
11010110110001011
11010110110101101
11010110111000111
11010110111100001
11010111000011101
11010111000111011
11010111001010001
11010111001110111
11010111010000101
11010111010100011
11010111011001001
11010111011101111
11010111100001111
11010111100101001
11010111101000011
11010111101100101
11010111110010111
11010111110110001
11010111111011011
11010111111111101
11011000000000011
11011000000100101
11011000001001111
11011000001101001
11011000010011011
11011000010111101
11011000011010111
11011000011110001
11011000100010001
11011000100110111
11011000101011101
11011000101111011
11011000110001001
11011000110101111
11011000111000101
11011000111100011
11011001000011111
11011001000111001
11011001001010011
11011001001110101
11011001010000111
11011001010100001
11011001011001011
11011001011101101
11011001100001101
11011001100101011
11011001101000001
11011001101100111
11011001110010101
11011001110110011
11011001111011001
11011001111111111
11011010000011001
11011010000111111
11011010001010101
11011010001110011
11011010010000001
11011010010100111
11011010011001101
11011010011101011
11011010100001011
11011010100101101
11011010101000111
11011010101100001
11011010110010011
11011010110110101
11011010111011111
11011010111111001
11011011000000101
11011011000100011
11011011001001001
11011011001101111
11011011010011101
11011011010111011
11011011011010001
11011011011110111
11011011100010111
11011011100110001
11011011101011011
11011011101111101
11011011110001111
11011011110101001
11011011111000011
11011011111100101
11011100000010101
11011100000110011
11011100001011001
11011100001111111
11011100010001101
11011100010101011
11011100011000001
11011100011100111
11011100100000111
11011100100100001
11011100101001011
11011100101101101
11011100110011111
11011100110111001
11011100111010011
11011100111110101
11011101000001001
11011101000101111
11011101001000101
11011101001100011
11011101010010001
11011101010110111
11011101011011101
11011101011111011
11011101100011011
11011101100111101
11011101101010111
11011101101110001
11011101110000011
11011101110100101
11011101111001111
11011101111101001
11011110000001111
11011110000101001
11011110001000011
11011110001100101
11011110010010111
11011110010110001
11011110011011011
11011110011111101
11011110100011101
11011110100111011
11011110101010001
11011110101110111
11011110110000101
11011110110100011
11011110111001001
11011110111101111
11011111000010011
11011111000110101
11011111001011111
11011111001111001
11011111010001011
11011111010101101
11011111011000111
11011111011100001
11011111100000001
11011111100100111
11011111101001101
11011111101101011
11011111110011001
11011111110111111
11011111111010101
11011111111110011
11100000000000111
11100000000100001
11100000001001011
11100000001101101
11100000010011111
11100000010111001
11100000011010011
11100000011110101
11100000100010101
11100000100110011
11100000101011001
11100000101111111
11100000110001101
11100000110101011
11100000111000001
11100000111100111
11100001000011011
11100001000111101
11100001001010111
11100001001110001
11100001010000011
11100001010100101
11100001011001111
11100001011101001
11100001100001001
11100001100101111
11100001101000101
11100001101100011
11100001110010001
11100001110110111
11100001111011101
11100001111111011
11100010000011101
11100010000111011
11100010001010001
11100010001110111
11100010010000101
11100010010100011
11100010011001001
11100010011101111
11100010100001111
11100010100101001
11100010101000011
11100010101100101
11100010110010111
11100010110110001
11100010111011011
11100010111111101
11100011000000001
11100011000100111
11100011001001101
11100011001101011
11100011010011001
11100011010111111
11100011011010101
11100011011110011
11100011100010011
11100011100110101
11100011101011111
11100011101111001
11100011110001011
11100011110101101
11100011111000111
11100011111100001
11100100000010001
11100100000110111
11100100001011101
11100100001111011
11100100010001001
11100100010101111
11100100011000101
11100100011100011
11100100100000011
11100100100100101
11100100101001111
11100100101101001
11100100110011011
11100100110111101
11100100111010111
11100100111110001
11100101000001101
11100101000101011
11100101001000001
11100101001100111
11100101010010101
11100101010110011
11100101011011001
11100101011111111
11100101100011111
11100101100111001
11100101101010011
11100101101110101
11100101110000111
11100101110100001
11100101111001011
11100101111101101
11100110000001011
11100110000101101
11100110001000111
11100110001100001
11100110010010011
11100110010110101
11100110011011111
11100110011111001
11100110100011001
11100110100111111
11100110101010101
11100110101110011
11100110110000001
11100110110100111
11100110111001101
11100110111101011
11100111000010111
11100111000110001
11100111001011011
11100111001111101
11100111010001111
11100111010101001
11100111011000011
11100111011100101
11100111100000101
11100111100100011
11100111101001001
11100111101101111
11100111110011101
11100111110111011
11100111111010001
11100111111110111
11101000000001001
11101000000101111
11101000001000101
11101000001100011
11101000010010001
11101000010110111
11101000011011101
11101000011111011
11101000100011011
11101000100111101
11101000101010111
11101000101110001
11101000110000011
11101000110100101
11101000111001111
11101000111101001
11101001000010101
11101001000110011
11101001001011001
11101001001111111
11101001010001101
11101001010101011
11101001011000001
11101001011100111
11101001100000111
11101001100100001
11101001101001011
11101001101101101
11101001110011111
11101001110111001
11101001111010011
11101001111110101
11101010000010011
11101010000110101
11101010001011111
11101010001111001
11101010010001011
11101010010101101
11101010011000111
11101010011100001
11101010100000001
11101010100100111
11101010101001101
11101010101101011
11101010110011001
11101010110111111
11101010111010101
11101010111110011
11101011000001111
11101011000101001
11101011001000011
11101011001100101
11101011010010111
11101011010110001
11101011011011011
11101011011111101
11101011100011101
11101011100111011
11101011101010001
11101011101110111
11101011110000101
11101011110100011
11101011111001001
11101011111101111
11101100000011111
11101100000111001
11101100001010011
11101100001110101
11101100010000111
11101100010100001
11101100011001011
11101100011101101
11101100100001101
11101100100101011
11101100101000001
11101100101100111
11101100110010101
11101100110110011
11101100111011001
11101100111111111
11101101000000011
11101101000100101
11101101001001111
11101101001101001
11101101010011011
11101101010111101
11101101011010111
11101101011110001
11101101100010001
11101101100110111
11101101101011101
11101101101111011
11101101110001001
11101101110101111
11101101111000101
11101101111100011
11101110000000101
11101110000100011
11101110001001001
11101110001101111
11101110010011101
11101110010111011
11101110011010001
11101110011110111
11101110100010111
11101110100110001
11101110101011011
11101110101111101
11101110110001111
11101110110101001
11101110111000011
11101110111100101
11101111000011001
11101111000111111
11101111001010101
11101111001110011
11101111010000001
11101111010100111
11101111011001101
11101111011101011
11101111100001011
11101111100101101
11101111101000111
11101111101100001
11101111110010011
11101111110110101
11101111111011111
11101111111111001
11110000000000001
11110000000100111
11110000001001101
11110000001101011
11110000010011001
11110000010111111
11110000011010101
11110000011110011
11110000100010011
11110000100110101
11110000101011111
11110000101111001
11110000110001011
11110000110101101
11110000111000111
11110000111100001
11110001000011101
11110001000111011
11110001001010001
11110001001110111
11110001010000101
11110001010100011
11110001011001001
11110001011101111
11110001100001111
11110001100101001
11110001101000011
11110001101100101
11110001110010111
11110001110110001
11110001111011011
11110001111111101
11110010000011011
11110010000111101
11110010001010111
11110010001110001
11110010010000011
11110010010100101
11110010011001111
11110010011101001
11110010100001001
11110010100101111
11110010101000101
11110010101100011
11110010110010001
11110010110110111
11110010111011101
11110010111111011
11110011000000111
11110011000100001
11110011001001011
11110011001101101
11110011010011111
11110011010111001
11110011011010011
11110011011110101
11110011100010101
11110011100110011
11110011101011001
11110011101111111
11110011110001101
11110011110101011
11110011111000001
11110011111100111
11110100000010111
11110100000110001
11110100001011011
11110100001111101
11110100010001111
11110100010101001
11110100011000011
11110100011100101
11110100100000101
11110100100100011
11110100101001001
11110100101101111
11110100110011101
11110100110111011
11110100111010001
11110100111110111
11110101000001011
11110101000101101
11110101001000111
11110101001100001
11110101010010011
11110101010110101
11110101011011111
11110101011111001
11110101100011001
11110101100111111
11110101101010101
11110101101110011
11110101110000001
11110101110100111
11110101111001101
11110101111101011
11110110000001101
11110110000101011
11110110001000001
11110110001100111
11110110010010101
11110110010110011
11110110011011001
11110110011111111
11110110100011111
11110110100111001
11110110101010011
11110110101110101
11110110110000111
11110110110100001
11110110111001011
11110110111101101
11110111000010001
11110111000110111
11110111001011101
11110111001111011
11110111010001001
11110111010101111
11110111011000101
11110111011100011
11110111100000011
11110111100100101
11110111101001111
11110111101101001
11110111110011011
11110111110111101
11110111111010111
11110111111110001
11111000000001111
11111000000101001
11111000001000011
11111000001100101
11111000010010111
11111000010110001
11111000011011011
11111000011111101
11111000100011101
11111000100111011
11111000101010001
11111000101110111
11111000110000101
11111000110100011
11111000111001001
11111000111101111
11111001000010011
11111001000110101
11111001001011111
11111001001111001
11111001010001011
11111001010101101
11111001011000111
11111001011100001
11111001100000001
11111001100100111
11111001101001101
11111001101101011
11111001110011001
11111001110111111
11111001111010101
11111001111110011
11111010000010101
11111010000110011
11111010001011001
11111010001111111
11111010010001101
11111010010101011
11111010011000001
11111010011100111
11111010100000111
11111010100100001
11111010101001011
11111010101101101
11111010110011111
11111010110111001
11111010111010011
11111010111110101
11111011000001001
11111011000101111
11111011001000101
11111011001100011
11111011010010001
11111011010110111
11111011011011101
11111011011111011
11111011100011011
11111011100111101
11111011101010111
11111011101110001
11111011110000011
11111011110100101
11111011111001111
11111011111101001
11111100000011001
11111100000111111
11111100001010101
11111100001110011
11111100010000001
11111100010100111
11111100011001101
11111100011101011
11111100100001011
11111100100101101
11111100101000111
11111100101100001
11111100110010011
11111100110110101
11111100111011111
11111100111111001
11111101000000101
11111101000100011
11111101001001001
11111101001101111
11111101010011101
11111101010111011
11111101011010001
11111101011110111
11111101100010111
11111101100110001
11111101101011011
11111101101111101
11111101110001111
11111101110101001
11111101111000011
11111101111100101
11111110000000011
11111110000100101
11111110001001111
11111110001101001
11111110010011011
11111110010111101
11111110011010111
11111110011110001
11111110100010001
11111110100110111
11111110101011101
11111110101111011
11111110110001001
11111110110101111
11111110111000101
11111110111100011
11111111000011111
11111111000111001
11111111001010011
11111111001110101
11111111010000111
11111111010100001
11111111011001011
11111111011101101
11111111100001101
11111111100101011
11111111101000001
11111111101100111
11111111110010101
11111111110110011
11111111111011001
11111111111111111
.e