.i 16
.o 1
.ilb a0 a1 a2 a3 a4 a5 a6 a7 b0 b1 b2 b3 b4 b5 b6 b7
.ob F
00000000000000001
00000001000000101
00000010000001001
00000011000001101
00000100000010001
00000101000010101
00000110000011001
00000111000011101
00001000000100001
00001001000100101
00001010000101001
00001011000101101
00001100000110001
00001101000110101
00001110000111001
00001111000111101
00010000001000001
00010001001000101
00010010001001001
00010011001001101
00010100001010001
00010101001010101
00010110001011001
00010111001011101
00011000001100001
00011001001100101
00011010001101001
00011011001101101
00011100001110001
00011101001110101
00011110001111001
00011111001111101
00100000010000001
00100001010000101
00100010010001001
00100011010001101
00100100010010001
00100101010010101
00100110010011001
00100111010011101
00101000010100001
00101001010100101
00101010010101001
00101011010101101
00101100010110001
00101101010110101
00101110010111001
00101111010111101
00110000011000001
00110001011000101
00110010011001001
00110011011001101
00110100011010001
00110101011010101
00110110011011001
00110111011011101
00111000011100001
00111001011100101
00111010011101001
00111011011101101
00111100011110001
00111101011110101
00111110011111001
00111111011111101
01000000100000001
01000001100000101
01000010100001001
01000011100001101
01000100100010001
01000101100010101
01000110100011001
01000111100011101
01001000100100001
01001001100100101
01001010100101001
01001011100101101
01001100100110001
01001101100110101
01001110100111001
01001111100111101
01010000101000001
01010001101000101
01010010101001001
01010011101001101
01010100101010001
01010101101010101
01010110101011001
01010111101011101
01011000101100001
01011001101100101
01011010101101001
01011011101101101
01011100101110001
01011101101110101
01011110101111001
01011111101111101
01100000110000001
01100001110000101
01100010110001001
01100011110001101
01100100110010001
01100101110010101
01100110110011001
01100111110011101
01101000110100001
01101001110100101
01101010110101001
01101011110101101
01101100110110001
01101101110110101
01101110110111001
01101111110111101
01110000111000001
01110001111000101
01110010111001001
01110011111001101
01110100111010001
01110101111010101
01110110111011001
01110111111011101
01111000111100001
01111001111100101
01111010111101001
01111011111101101
01111100111110001
01111101111110101
01111110111111001
01111111111111101
10000000011010011
10000001011010111
10000010011011011
10000011011011111
10000100011000011
10000101011000111
10000110011001011
10000111011001111
10001000011110011
10001001011110111
10001010011111011
10001011011111111
10001100011100011
10001101011100111
10001110011101011
10001111011101111
10010000010010011
10010001010010111
10010010010011011
10010011010011111
10010100010000011
10010101010000111
10010110010001011
10010111010001111
10011000010110011
10011001010110111
10011010010111011
10011011010111111
10011100010100011
10011101010100111
10011110010101011
10011111010101111
10100000001010011
10100001001010111
10100010001011011
10100011001011111
10100100001000011
10100101001000111
10100110001001011
10100111001001111
10101000001110011
10101001001110111
10101010001111011
10101011001111111
10101100001100011
10101101001100111
10101110001101011
10101111001101111
10110000000010011
10110001000010111
10110010000011011
10110011000011111
10110100000000011
10110101000000111
10110110000001011
10110111000001111
10111000000110011
10111001000110111
10111010000111011
10111011000111111
10111100000100011
10111101000100111
10111110000101011
10111111000101111
11000000111010011
11000001111010111
11000010111011011
11000011111011111
11000100111000011
11000101111000111
11000110111001011
11000111111001111
11001000111110011
11001001111110111
11001010111111011
11001011111111111
11001100111100011
11001101111100111
11001110111101011
11001111111101111
11010000110010011
11010001110010111
11010010110011011
11010011110011111
11010100110000011
11010101110000111
11010110110001011
11010111110001111
11011000110110011
11011001110110111
11011010110111011
11011011110111111
11011100110100011
11011101110100111
11011110110101011
11011111110101111
11100000101010011
11100001101010111
11100010101011011
11100011101011111
11100100101000011
11100101101000111
11100110101001011
11100111101001111
11101000101110011
11101001101110111
11101010101111011
11101011101111111
11101100101100011
11101101101100111
11101110101101011
11101111101101111
11110000100010011
11110001100010111
11110010100011011
11110011100011111
11110100100000011
11110101100000111
11110110100001011
11110111100001111
11111000100110011
11111001100110111
11111010100111011
11111011100111111
11111100100100011
11111101100100111
11111110100101011
11111111100101111
.e