.i 7
.o 1
.ilb a0 a1 a2 a3 a4 a5 b0
.ob F
00000001
00000111
00001011
00001101
00010011
00010101
00011001
00011111
00100011
00100101
00101001
00101111
00110001
00110111
00111011
00111101
01000011
01000101
01001001
01001111
01010001
01010111
01011011
01011101
01100001
01100111
01101011
01101101
01110011
01110101
01111001
01111111
10000011
10000101
10001001
10001111
10010001
10010111
10011011
10011101
10100001
10100111
10101011
10101101
10110011
10110101
10111001
10111111
11000001
11000111
11001011
11001101
11010011
11010101
11011001
11011111
11100011
11100101
11101001
11101111
11110001
11110111
11111011
11111101
.e