.i 8
.o 1
.ilb a0 a1 a2 a3 a4 a5 a6 b0
.ob F
000000001
000000111
000001011
000001101
000010011
000010101
000011001
000011111
000100011
000100101
000101001
000101111
000110001
000110111
000111011
000111101
001000011
001000101
001001001
001001111
001010001
001010111
001011011
001011101
001100001
001100111
001101011
001101101
001110011
001110101
001111001
001111111
010000011
010000101
010001001
010001111
010010001
010010111
010011011
010011101
010100001
010100111
010101011
010101101
010110011
010110101
010111001
010111111
011000001
011000111
011001011
011001101
011010011
011010101
011011001
011011111
011100011
011100101
011101001
011101111
011110001
011110111
011111011
011111101
100000011
100000101
100001001
100001111
100010001
100010111
100011011
100011101
100100001
100100111
100101011
100101101
100110011
100110101
100111001
100111111
101000001
101000111
101001011
101001101
101010011
101010101
101011001
101011111
101100011
101100101
101101001
101101111
101110001
101110111
101111011
101111101
110000001
110000111
110001011
110001101
110010011
110010101
110011001
110011111
110100011
110100101
110101001
110101111
110110001
110110111
110111011
110111101
111000011
111000101
111001001
111001111
111010001
111010111
111011011
111011101
111100001
111100111
111101011
111101101
111110011
111110101
111111001
111111111
.e