.i 8
.o 1
.ilb a0 a1 a2 a3 b0 b1 b2 b3
.ob F
000000001
000100011
000100101
000101001
000110001
001000011
001000101
001001001
001010001
001100011
001100101
001101001
010000011
010000101
010001001
010010001
010100011
010100101
010101001
010110001
011000011
011000101
011001001
011010001
011100011
011100101
011101001
100000011
100000101
100001001
100010001
100100011
100100101
100110001
101000011
101001001
101010001
101100011
101111001
101101101
101110101
110000101
110001001
110010001
110101011
110100101
110110001
111001001
111010001
111111111
.e