.i 12
.o 1
.ilb a0 a1 a2 a3 a4 a5 a6 a7 a8 a9 a10 a11 a12 a13 a14 a15 b0 b1 b2 b3 b4 b5 b6 b7
.ob F
0000000100011
0000001000101
0000001100111
0000010001001
0000010101011
0000011001101
0000011101111
0000100010001
0000100110011
0000101010101
0000101110111
0000110011001
0000110111011
0000111011101
0000111111111
0001001000111
0001001101001
0001010001011
0001010101101
0001011001111
0001011110001
0001100010011
0001100110101
0001101010111
0001101111001
0001110011011
0001110111101
0001111011111
0001111100001
0010001101011
0010010001101
0010010101111
0010011010001
0010011110011
0010100010101
0010100110111
0010101011001
0010101111011
0010110011101
0010110111111
0010111000001
0010111100011
0011010001111
0011010110001
0011011010011
0011011110101
0011100010111
0011100111001
0011101011011
0011101111101
0011110011111
0011110100001
0011111000011
0011111100101
0100010110011
0100011010101
0100011110111
0100100011001
0100100111011
0100101011101
0100101111111
0100110000001
0100110100011
0100111000101
0100111100111
0101011010111
0101011111001
0101100011011
0101100111101
0101101011111
0101101100001
0101110000011
0101110100101
0101111000111
0101111101001
0110011111011
0110100011101
0110100111111
0110101000001
0110101100011
0110110000101
0110110100111
0110111001001
0110111101011
0111100011111
0111100100001
0111101000011
0111101100101
0111110000111
0111110101001
0111111001011
0111111101101
1000100100011
1000101000101
1000101100111
1000110001001
1000110101011
1000111001101
1000111101111
1001101000111
1001101101001
1001110001011
1001110101101
1001111001111
1001111110001
1010101101011
1010110001101
1010110101111
1010111010001
1010111110011
1011110001111
1011110110001
1011111010011
1011111110101
1100110110011
1100111010101
1100111110111
1101111010111
1101111111001
1110111111011
.e