.i 17
.o 1
.ilb a0 a1 a2 a3 a4 a5 a6 a7 b0 b1 b2 b3 b4 b5 b6 b7 f0
.ob F
000000000000000001
000000000000000011
000000010100010101
000000010000000011
000000101000101001
000000100000000011
000000111100111101
000000110000000011
000001000111000101
000001000000000011
000001010011010001
000001010000000011
000001101111101101
000001100000000011
000001111011111001
000001110000000011
000010001110001001
000010000000000011
000010011010011101
000010010000000011
000010100110100001
000010100000000011
000010110010110101
000010110000000011
000011001001001101
000011000000000011
000011011101011001
000011010000000011
000011100001100101
000011100000000011
000011110101110001
000011110000000011
000100001010000101
000100000000000011
000100011110010001
000100010000000011
000100100010101101
000100100000000011
000100110110111001
000100110000000011
000101001101000001
000101000000000011
000101011001010101
000101010000000011
000101100101101001
000101100000000011
000101110001111101
000101110000000011
000110000100001101
000110000000000011
000110010000011001
000110010000000011
000110101100100101
000110100000000011
000110111000110001
000110110000000011
000111000011001001
000111000000000011
000111010111011101
000111010000000011
000111101011100001
000111100000000011
000111111111110101
000111110000000011
001000000010011101
001000000000000011
001000010110001001
001000010000000011
001000101010110101
001000100000000011
001000111110100001
001000110000000011
001001000101011001
001001000000000011
001001010001001101
001001010000000011
001001101101110001
001001100000000011
001001111001100101
001001110000000011
001010001100010101
001010000000000011
001010011000000001
001010010000000011
001010100100111101
001010100000000011
001010110000101001
001010110000000011
001011001011010001
001011000000000011
001011011111000101
001011010000000011
001011100011111001
001011100000000011
001011110111101101
001011110000000011
001100001000011001
001100000000000011
001100011100001101
001100010000000011
001100100000110001
001100100000000011
001100110100100101
001100110000000011
001101001111011101
001101000000000011
001101011011001001
001101010000000011
001101100111110101
001101100000000011
001101110011100001
001101110000000011
001110000110010001
001110000000000011
001110010010000101
001110010000000011
001110101110111001
001110100000000011
001110111010101101
001110110000000011
001111000001010101
001111000000000011
001111010101000001
001111010000000011
001111101001111101
001111100000000011
001111111101101001
001111110000000011
010000000100111001
010000000000000011
010000010000101101
010000010000000011
010000101100010001
010000100000000011
010000111000000101
010000110000000011
010001000011111101
010001000000000011
010001010111101001
010001010000000011
010001101011010101
010001100000000011
010001111111000001
010001110000000011
010010001010110001
010010000000000011
010010011110100101
010010010000000011
010010100010011001
010010100000000011
010010110110001101
010010110000000011
010011001101110101
010011000000000011
010011011001100001
010011010000000011
010011100101011101
010011100000000011
010011110001001001
010011110000000011
010100001110111101
010100000000000011
010100011010101001
010100010000000011
010100100110010101
010100100000000011
010100110010000001
010100110000000011
010101001001111001
010101000000000011
010101011101101101
010101010000000011
010101100001010001
010101100000000011
010101110101000101
010101110000000011
010110000000110101
010110000000000011
010110010100100001
010110010000000011
010110101000011101
010110100000000011
010110111100001001
010110110000000011
010111000111110001
010111000000000011
010111010011100101
010111010000000011
010111101111011001
010111100000000011
010111111011001101
010111110000000011
011000000110100101
011000000000000011
011000010010110001
011000010000000011
011000101110001101
011000100000000011
011000111010011001
011000110000000011
011001000001100001
011001000000000011
011001010101110101
011001010000000011
011001101001001001
011001100000000011
011001111101011101
011001110000000011
011010001000101101
011010000000000011
011010011100111001
011010010000000011
011010100000000101
011010100000000011
011010110100010001
011010110000000011
011011001111101001
011011000000000011
011011011011111101
011011010000000011
011011100111000001
011011100000000011
011011110011010101
011011110000000011
011100001100100001
011100000000000011
011100011000110101
011100010000000011
011100100100001001
011100100000000011
011100110000011101
011100110000000011
011101001011100101
011101000000000011
011101011111110001
011101010000000011
011101100011001101
011101100000000011
011101110111011001
011101110000000011
011110000010101001
011110000000000011
011110010110111101
011110010000000011
011110101010000001
011110100000000011
011110111110010101
011110110000000011
011111000101101101
011111000000000011
011111010001111001
011111010000000011
011111101101000101
011111100000000011
011111111001010001
011111110000000011
100000001001110001
100000000000000011
100000011101100101
100000010000000011
100000100001011001
100000100000000011
100000110101001101
100000110000000011
100001001110110101
100001000000000011
100001011010100001
100001010000000011
100001100110011101
100001100000000011
100001110010001001
100001110000000011
100010000111111001
100010000000000011
100010010011101101
100010010000000011
100010101111010001
100010100000000011
100010111011000101
100010110000000011
100011000000111101
100011000000000011
100011010100101001
100011010000000011
100011101000010101
100011100000000011
100011111100000001
100011110000000011
100100000011110101
100100000000000011
100100010111100001
100100010000000011
100100101011011101
100100100000000011
100100111111001001
100100110000000011
100101000100110001
100101000000000011
100101010000100101
100101010000000011
100101101100011001
100101100000000011
100101111000001101
100101110000000011
100110001101111101
100110000000000011
100110011001101001
100110010000000011
100110100101010101
100110100000000011
100110110001000001
100110110000000011
100111001010111001
100111000000000011
100111011110101101
100111010000000011
100111100010010001
100111100000000011
100111110110000101
100111110000000011
101000001011101101
101000000000000011
101000011111111001
101000010000000011
101000100011000101
101000100000000011
101000110111010001
101000110000000011
101001001100101001
101001000000000011
101001011000111101
101001010000000011
101001100100000001
101001100000000011
101001110000010101
101001110000000011
101010000101100101
101010000000000011
101010010001110001
101010010000000011
101010101101001101
101010100000000011
101010111001011001
101010110000000011
101011000010100001
101011000000000011
101011010110110101
101011010000000011
101011101010001001
101011100000000011
101011111110011101
101011110000000011
101100000001101001
101100000000000011
101100010101111101
101100010000000011
101100101001000001
101100100000000011
101100111101010101
101100110000000011
101101000110101101
101101000000000011
101101010010111001
101101010000000011
101101101110000101
101101100000000011
101101111010010001
101101110000000011
101110001111100001
101110000000000011
101110011011110101
101110010000000011
101110100111001001
101110100000000011
101110110011011101
101110110000000011
101111001000100101
101111000000000011
101111011100110001
101111010000000011
101111100000001101
101111100000000011
101111110100011001
101111110000000011
110000001101001001
110000000000000011
110000011001011101
110000010000000011
110000100101100001
110000100000000011
110000110001110101
110000110000000011
110001001010001101
110001000000000011
110001011110011001
110001010000000011
110001100010100101
110001100000000011
110001110110110001
110001110000000011
110010000011000001
110010000000000011
110010010111010101
110010010000000011
110010101011101001
110010100000000011
110010111111111101
110010110000000011
110011000100000101
110011000000000011
110011010000010001
110011010000000011
110011101100101101
110011100000000011
110011111000111001
110011110000000011
110100000111001101
110100000000000011
110100010011011001
110100010000000011
110100101111100101
110100100000000011
110100111011110001
110100110000000011
110101000000001001
110101000000000011
110101010100011101
110101010000000011
110101101000100001
110101100000000011
110101111100110101
110101110000000011
110110001001000101
110110000000000011
110110011101010001
110110010000000011
110110100001101101
110110100000000011
110110110101111001
110110110000000011
110111001110000001
110111000000000011
110111011010010101
110111010000000011
110111100110101001
110111100000000011
110111110010111101
110111110000000011
111000001111010101
111000000000000011
111000011011000001
111000010000000011
111000100111111101
111000100000000011
111000110011101001
111000110000000011
111001001000010001
111001000000000011
111001011100000101
111001010000000011
111001100000111001
111001100000000011
111001110100101101
111001110000000011
111010000001011101
111010000000000011
111010010101001001
111010010000000011
111010101001110101
111010100000000011
111010111101100001
111010110000000011
111011000110011001
111011000000000011
111011010010001101
111011010000000011
111011101110110001
111011100000000011
111011111010100101
111011110000000011
111100000101010001
111100000000000011
111100010001000101
111100010000000011
111100101101111001
111100100000000011
111100111001101101
111100110000000011
111101000010010101
111101000000000011
111101010110000001
111101010000000011
111101101010111101
111101100000000011
111101111110101001
111101110000000011
111110001011011001
111110000000000011
111110011111001101
111110010000000011
111110100011110001
111110100000000011
111110110111100101
111110110000000011
111111001100011101
111111000000000011
111111011000001001
111111010000000011
111111100100110101
111111100000000011
111111110000100001
111111110000000011
.e