.i 16
.o 1
.ilb a0 a1 a2 a3 a4 a5 a6 a7 b0 b1 b2 b3 b4 b5 b6 b7
.ob F
00000000000000001
00000001000110101
00000010001101001
00000011001011101
00000100011010001
00000101011100101
00000110010111001
00000111010001101
00001000110100001
00001001110010101
00001010111001001
00001011111111101
00001100101110001
00001101101000101
00001110100011001
00001111100101101
00010000011000111
00010001011110011
00010010010101111
00010011010011011
00010100000010111
00010101000100011
00010110001111111
00010111001001011
00011000101100111
00011001101010011
00011010100001111
00011011100111011
00011100110110111
00011101110000011
00011110111011111
00011111111101011
00100000110001101
00100001110111001
00100010111100101
00100011111010001
00100100101011101
00100101101101001
00100110100110101
00100111100000001
00101000000101101
00101001000011001
00101010001000101
00101011001110001
00101100011111101
00101101011001001
00101110010010101
00101111010100001
00110000101001011
00110001101111111
00110010100100011
00110011100010111
00110100110011011
00110101110101111
00110110111110011
00110111111000111
00111000011101011
00111001011011111
00111010010000011
00111011010110111
00111100000111011
00111101000001111
00111110001010011
00111111001100111
01000000010011111
01000001010101011
01000010011110111
01000011011000011
01000100001001111
01000101001111011
01000110000100111
01000111000010011
01001000100111111
01001001100001011
01001010101010111
01001011101100011
01001100111101111
01001101111011011
01001110110000111
01001111110110011
01010000001011001
01010001001101101
01010010000110001
01010011000000101
01010100010001001
01010101010111101
01010110011100001
01010111011010101
01011000111111001
01011001111001101
01011010110010001
01011011110100101
01011100100101001
01011101100011101
01011110101000001
01011111101110101
01100000100010011
01100001100100111
01100010101111011
01100011101001111
01100100111000011
01100101111110111
01100110110101011
01100111110011111
01101000010110011
01101001010000111
01101010011011011
01101011011101111
01101100001100011
01101101001010111
01101110000001011
01101111000111111
01110000111010101
01110001111100001
01110010110111101
01110011110001001
01110100100000101
01110101100110001
01110110101101101
01110111101011001
01111000001110101
01111001001000001
01111010000011101
01111011000101001
01111100010100101
01111101010010001
01111110011001101
01111111011111001
10000000100111101
10000001100001001
10000010101010101
10000011101100001
10000100111101101
10000101111011001
10000110110000101
10000111110110001
10001000010011101
10001001010101001
10001010011110101
10001011011000001
10001100001001101
10001101001111001
10001110000100101
10001111000010001
10010000111111011
10010001111001111
10010010110010011
10010011110100111
10010100100101011
10010101100011111
10010110101000011
10010111101110111
10011000001011011
10011001001101111
10011010000110011
10011011000000111
10011100010001011
10011101010111111
10011110011100011
10011111011010111
10100000010110001
10100001010000101
10100010011011001
10100011011101101
10100100001100001
10100101001010101
10100110000001001
10100111000111101
10101000100010001
10101001100100101
10101010101111001
10101011101001101
10101100111000001
10101101111110101
10101110110101001
10101111110011101
10110000001110111
10110001001000011
10110010000011111
10110011000101011
10110100010100111
10110101010010011
10110110011001111
10110111011111011
10111000111010111
10111001111100011
10111010110111111
10111011110001011
10111100100000111
10111101100110011
10111110101101111
10111111101011011
11000000110100011
11000001110010111
11000010111001011
11000011111111111
11000100101110011
11000101101000111
11000110100011011
11000111100101111
11001000000000011
11001001000110111
11001010001101011
11001011001011111
11001100011010011
11001101011100111
11001110010111011
11001111010001111
11010000101100101
11010001101010001
11010010100001101
11010011100111001
11010100110110101
11010101110000001
11010110111011101
11010111111101001
11011000011000101
11011001011110001
11011010010101101
11011011010011001
11011100000010101
11011101000100001
11011110001111101
11011111001001001
11100000000101111
11100001000011011
11100010001000111
11100011001110011
11100100011111111
11100101011001011
11100110010010111
11100111010100011
11101000110001111
11101001110111011
11101010111100111
11101011111010011
11101100101011111
11101101101101011
11101110100110111
11101111100000011
11110000011101001
11110001011011101
11110010010000001
11110011010110101
11110100000111001
11110101000001101
11110110001010001
11110111001100101
11111000101001001
11111001101111101
11111010100100001
11111011100010101
11111100110011001
11111101110101101
11111110111110001
11111111111000101
.e