.i 16
.o 1
.ilb a0 a1 a2 a3 a4 a5 a6 a7 b0 b1 b2 b3 b4 b5 b6 b7
.ob F
00000000000000001
00000001000010001
00000010000100001
00000011000110001
00000100001000001
00000101001010001
00000110001100001
00000111001110001
00001000010000001
00001001010010001
00001010010100001
00001011010110001
00001100011000001
00001101011010001
00001110011100001
00001111011110001
00010000100000001
00010001100010001
00010010100100001
00010011100110001
00010100101000001
00010101101010001
00010110101100001
00010111101110001
00011000110000001
00011001110010001
00011010110100001
00011011110110001
00011100111000001
00011101111010001
00011110111100001
00011111111110001
00100000110000111
00100001110010111
00100010110100111
00100011110110111
00100100111000111
00100101111010111
00100110111100111
00100111111110111
00101000100000111
00101001100010111
00101010100100111
00101011100110111
00101100101000111
00101101101010111
00101110101100111
00101111101110111
00110000010000111
00110001010010111
00110010010100111
00110011010110111
00110100011000111
00110101011010111
00110110011100111
00110111011110111
00111000000000111
00111001000010111
00111010000100111
00111011000110111
00111100001000111
00111101001010111
00111110001100111
00111111001110111
01000000010001011
01000001010011011
01000010010101011
01000011010111011
01000100011001011
01000101011011011
01000110011101011
01000111011111011
01001000000001011
01001001000011011
01001010000101011
01001011000111011
01001100001001011
01001101001011011
01001110001101011
01001111001111011
01010000110001011
01010001110011011
01010010110101011
01010011110111011
01010100111001011
01010101111011011
01010110111101011
01010111111111011
01011000100001011
01011001100011011
01011010100101011
01011011100111011
01011100101001011
01011101101011011
01011110101101011
01011111101111011
01100000100001101
01100001100011101
01100010100101101
01100011100111101
01100100101001101
01100101101011101
01100110101101101
01100111101111101
01101000110001101
01101001110011101
01101010110101101
01101011110111101
01101100111001101
01101101111011101
01101110111101101
01101111111111101
01110000000001101
01110001000011101
01110010000101101
01110011000111101
01110100001001101
01110101001011101
01110110001101101
01110111001111101
01111000010001101
01111001010011101
01111010010101101
01111011010111101
01111100011001101
01111101011011101
01111110011101101
01111111011111101
10000000100010101
10000001100000101
10000010100110101
10000011100100101
10000100101010101
10000101101000101
10000110101110101
10000111101100101
10001000110010101
10001001110000101
10001010110110101
10001011110100101
10001100111010101
10001101111000101
10001110111110101
10001111111100101
10010000000010101
10010001000000101
10010010000110101
10010011000100101
10010100001010101
10010101001000101
10010110001110101
10010111001100101
10011000010010101
10011001010000101
10011010010110101
10011011010100101
10011100011010101
10011101011000101
10011110011110101
10011111011100101
10100000010010011
10100001010000011
10100010010110011
10100011010100011
10100100011010011
10100101011000011
10100110011110011
10100111011100011
10101000000010011
10101001000000011
10101010000110011
10101011000100011
10101100001010011
10101101001000011
10101110001110011
10101111001100011
10110000110010011
10110001110000011
10110010110110011
10110011110100011
10110100111010011
10110101111000011
10110110111110011
10110111111100011
10111000100010011
10111001100000011
10111010100110011
10111011100100011
10111100101010011
10111101101000011
10111110101110011
10111111101100011
11000000110011111
11000001110001111
11000010110111111
11000011110101111
11000100111011111
11000101111001111
11000110111111111
11000111111101111
11001000100011111
11001001100001111
11001010100111111
11001011100101111
11001100101011111
11001101101001111
11001110101111111
11001111101101111
11010000010011111
11010001010001111
11010010010111111
11010011010101111
11010100011011111
11010101011001111
11010110011111111
11010111011101111
11011000000011111
11011001000001111
11011010000111111
11011011000101111
11011100001011111
11011101001001111
11011110001111111
11011111001101111
11100000000011001
11100001000001001
11100010000111001
11100011000101001
11100100001011001
11100101001001001
11100110001111001
11100111001101001
11101000010011001
11101001010001001
11101010010111001
11101011010101001
11101100011011001
11101101011001001
11101110011111001
11101111011101001
11110000100011001
11110001100001001
11110010100111001
11110011100101001
11110100101011001
11110101101001001
11110110101111001
11110111101101001
11111000110011001
11111001110001001
11111010110111001
11111011110101001
11111100111011001
11111101111001001
11111110111111001
11111111111101001
.e