.i 17
.o 1
.ilb a0 a1 a2 a3 a4 a5 a6 a7 a8 b0 b1 b2 b3 b4 b5 b6 b7
.ob F
100000000000000001
100000001111111001
100000010110101011
100000011001010011
100000100100001111
100000101011110111
100000110010100101
100000111101011101
100001000001000111
100001001110111111
100001010111101101
100001011000010101
100001100101001001
100001101010110001
100001110011100011
100001111100011011
100010000010001101
100010001101110101
100010010100100111
100010011011011111
100010100110000011
100010101001111011
100010110000101001
100010111111010001
100011000011001011
100011001100110011
100011010101100001
100011011010011001
100011100111000101
100011101000111101
100011110001101111
100011111110010111
100100000100011001
100100001011100001
100100010010110011
100100011101001011
100100100000010111
100100101111101111
100100110110111101
100100111001000101
100101000101011111
100101001010100111
100101010011110101
100101011100001101
100101100001010001
100101101110101001
100101110111111011
100101111000000011
100110000110010101
100110001001101101
100110010000111111
100110011111000111
100110100010011011
100110101101100011
100110110100110001
100110111011001001
100111000111010011
100111001000101011
100111010001111001
100111011110000001
100111100011011101
100111101100100101
100111110101110111
100111111010001111
101000000001101011
101000001110010011
101000010111000001
101000011000111001
101000100101100101
101000101010011101
101000110011001111
101000111100110111
101001000000101101
101001001111010101
101001010110000111
101001011001111111
101001100100100011
101001101011011011
101001110010001001
101001111101110001
101010000011100111
101010001100011111
101010010101001101
101010011010110101
101010100111101001
101010101000010001
101010110001000011
101010111110111011
101011000010100001
101011001101011001
101011010100001011
101011011011110011
101011100110101111
101011101001010111
101011110000000101
101011111111111101
101100000101110011
101100001010001011
101100010011011001
101100011100100001
101100100001111101
101100101110000101
101100110111010111
101100111000101111
101101000100110101
101101001011001101
101101010010011111
101101011101100111
101101100000111011
101101101111000011
101101110110010001
101101111001101001
101110000111111111
101110001000000111
101110010001010101
101110011110101101
101110100011110001
101110101100001001
101110110101011011
101110111010100011
101111000110111001
101111001001000001
101111010000010011
101111011111101011
101111100010110111
101111101101001111
101111110100011101
101111111011100101
110000000011010101
110000001100101101
110000010101111111
110000011010000111
110000100111011011
110000101000100011
110000110001110001
110000111110001001
110001000010010011
110001001101101011
110001010100111001
110001011011000001
110001100110011101
110001101001100101
110001110000110111
110001111111001111
110010000001011001
110010001110100001
110010010111110011
110010011000001011
110010100101010111
110010101010101111
110010110011111101
110010111100000101
110011000000011111
110011001111100111
110011010110110101
110011011001001101
110011100100010001
110011101011101001
110011110010111011
110011111101000011
110100000111001101
110100001000110101
110100010001100111
110100011110011111
110100100011000011
110100101100111011
110100110101101001
110100111010010001
110101000110001011
110101001001110011
110101010000100001
110101011111011001
110101100010000101
110101101101111101
110101110100101111
110101111011010111
110110000101000001
110110001010111001
110110010011101011
110110011100010011
110110100001001111
110110101110110111
110110110111100101
110110111000011101
110111000100000111
110111001011111111
110111010010101101
110111011101010101
110111100000001001
110111101111110001
110111110110100011
110111111001011011
111000000010111111
111000001101000111
111000010100010101
111000011011101101
111000100110110001
111000101001001001
111000110000011011
111000111111100011
111001000011111001
111001001100000001
111001010101010011
111001011010101011
111001100111110111
111001101000001111
111001110001011101
111001111110100101
111010000000110011
111010001111001011
111010010110011001
111010011001100001
111010100100111101
111010101011000101
111010110010010111
111010111101101111
111011000001110101
111011001110001101
111011010111011111
111011011000100111
111011100101111011
111011101010000011
111011110011010001
111011111100101001
111100000110100111
111100001001011111
111100010000001101
111100011111110101
111100100010101001
111100101101010001
111100110100000011
111100111011111011
111101000111100001
111101001000011001
111101010001001011
111101011110110011
111101100011101111
111101101100010111
111101110101000101
111101111010111101
111110000100101011
111110001011010011
111110010010000001
111110011101111001
111110100000100101
111110101111011101
111110110110001111
111110111001110111
111111000101101101
111111001010010101
111111010011000111
111111011100111111
111111100001100011
111111101110011011
111111110111001001
111111111000110001
000000000000000001
000000001011111111
000000010111111101
000000011100000011
000000100101100011
000000101110011101
000000110010011111
000000111001100001
000001000001011111
000001001010100001
000001010110100011
000001011101011101
000001100100111101
000001101111000011
000001110011000001
000001111000111111
000010000010111101
000010001001000011
000010010101000001
000010011110111111
000010100111011111
000010101100100001
000010110000100011
000010111011011101
000011000011100011
000011001000011101
000011010100011111
000011011111100001
000011100110000001
000011101101111111
000011110001111101
000011111010000011
000100000101111001
000100001110000111
000100010010000101
000100011001111011
000100100000011011
000100101011100101
000100110111100111
000100111100011001
000101000100100111
000101001111011001
000101010011011011
000101011000100101
000101100001000101
000101101010111011
000101110110111001
000101111101000111
000110000111000101
000110001100111011
000110010000111001
000110011011000111
000110100010100111
000110101001011001
000110110101011011
000110111110100101
000111000110011011
000111001101100101
000111010001100111
000111011010011001
000111100011111001
000111101000000111
000111110100000101
000111111111111011
001000000001101011
001000001010010101
001000010110010111
001000011101101001
001000100100001001
001000101111110111
001000110011110101
001000111000001011
001001000000110101
001001001011001011
001001010111001001
001001011100110111
001001100101010111
001001101110101001
001001110010101011
001001111001010101
001010000011010111
001010001000101001
001010010100101011
001010011111010101
001010100110110101
001010101101001011
001010110001001001
001010111010110111
001011000010001001
001011001001110111
001011010101110101
001011011110001011
001011100111101011
001011101100010101
001011110000010111
001011111011101001
001100000100010011
001100001111101101
001100010011101111
001100011000010001
001100100001110001
001100101010001111
001100110110001101
001100111101110011
001101000101001101
001101001110110011
001101010010110001
001101011001001111
001101100000101111
001101101011010001
001101110111010011
001101111100101101
001110000110101111
001110001101010001
001110010001010011
001110011010101101
001110100011001101
001110101000110011
001110110100110001
001110111111001111
001111000111110001
001111001100001111
001111010000001101
001111011011110011
001111100010010011
001111101001101101
001111110101101111
001111111110010001
010000000011010101
010000001000101011
010000010100101001
010000011111010111
010000100110110111
010000101101001001
010000110001001011
010000111010110101
010001000010001011
010001001001110101
010001010101110111
010001011110001001
010001100111101001
010001101100010111
010001110000010101
010001111011101011
010010000001101001
010010001010010111
010010010110010101
010010011101101011
010010100100001011
010010101111110101
010010110011110111
010010111000001001
010011000000110111
010011001011001001
010011010111001011
010011011100110101
010011100101010101
010011101110101011
010011110010101001
010011111001010111
010100000110101101
010100001101010011
010100010001010001
010100011010101111
010100100011001111
010100101000110001
010100110100110011
010100111111001101
010101000111110011
010101001100001101
010101010000001111
010101011011110001
010101100010010001
010101101001101111
010101110101101101
010101111110010011
010110000100010001
010110001111101111
010110010011101101
010110011000010011
010110100001110011
010110101010001101
010110110110001111
010110111101110001
010111000101001111
010111001110110001
010111010010110011
010111011001001101
010111100000101101
010111101011010011
010111110111010001
010111111100101111
011000000010111111
011000001001000001
011000010101000011
011000011110111101
011000100111011101
011000101100100011
011000110000100001
011000111011011111
011001000011100001
011001001000011111
011001010100011101
011001011111100011
011001100110000011
011001101101111101
011001110001111111
011001111010000001
011010000000000011
011010001011111101
011010010111111111
011010011100000001
011010100101100001
011010101110011111
011010110010011101
011010111001100011
011011000001011101
011011001010100011
011011010110100001
011011011101011111
011011100100111111
011011101111000001
011011110011000011
011011111000111101
011100000111000111
011100001100111001
011100010000111011
011100011011000101
011100100010100101
011100101001011011
011100110101011001
011100111110100111
011101000110011001
011101001101100111
011101010001100101
011101011010011011
011101100011111011
011101101000000101
011101110100000111
011101111111111001
011110000101111011
011110001110000101
011110010010000111
011110011001111001
011110100000011001
011110101011100111
011110110111100101
011110111100011011
011111000100100101
011111001111011011
011111010011011001
011111011000100111
011111100001000111
011111101010111001
011111110110111011
011111111101000101
.e