.i 40
.o 1
.ilb a0 a1 a2 a3 a4 a5 a6 a7 b0 b1 b2 b3 b4 b5 b6 b7 b8 b9 b10 b11 b12 b13 b14 b15 b16 b17 b18 b19 b20 b21 b22 b23 b24 b25 b26 b27 b28 b29 b30 b31
.ob F
00000000000000000000000000000000000000001
00000001101101101011011010110110101101101
00000010101011111010111110101111101011111
00000011000110010001100100011001000110011
00000100100111011001110110011101100111011
00000101001010110010101100101011001010111
00000110001100100011001000110010001100101
00000111100001001000010010000100100001001
00001000111110011111100111111001111110011
00001001010011110100111101001111010011111
00001010010101100101011001010110010101101
00001011111000001110000011100000111000001
00001100011001000110010001100100011001001
00001101110100101101001011010010110100101
00001110110010111100101111001011110010111
00001111011111010111110101111101011111011
00010000001100010011000100110001001100011
00010001100001111000011110000111100001111
00010010100111101001111010011110100111101
00010011001010000010100000101000001010001
00010100101011001010110010101100101011001
00010101000110100001101000011010000110101
00010110000000110000001100000011000000111
00010111101101011011010110110101101101011
00011000110010001100100011001000110010001
00011001011111100111111001111110011111101
00011010011001110110011101100111011001111
00011011110100011101000111010001110100011
00011100010101010101010101010101010101011
00011101111000111110001111100011111000111
00011110111110101111101011111010111110101
00011111010011000100110001001100010011001
00100000011000100110001001100010011000101
00100001110101001101010011010100110101001
00100010110011011100110111001101110011011
00100011011110110111101101111011011110111
00100100111111111111111111111111111111111
00100101010010010100100101001001010010011
00100110010100000101000001010000010100001
00100111111001101110011011100110111001101
00101000100110111001101110011011100110111
00101001001011010010110100101101001011011
00101010001101000011010000110100001101001
00101011100000101000001010000010100000101
00101100000001100000011000000110000001101
00101101101100001011000010110000101100001
00101110101010011010100110101001101010011
00101111000111110001111100011111000111111
00110000010100110101001101010011010100111
00110001111001011110010111100101111001011
00110010111111001111110011111100111111001
00110011010010100100101001001010010010101
00110100110011101100111011001110110011101
00110101011110000111100001111000011110001
00110110011000010110000101100001011000011
00110111110101111101011111010111110101111
00111000101010101010101010101010101010101
00111001000111000001110000011100000111001
00111010000001010000010100000101000001011
00111011101100111011001110110011101100111
00111100001101110011011100110111001101111
00111101100000011000000110000001100000011
00111110100110001001100010011000100110001
00111111001011100010111000101110001011101
01000000110001001100010011000100110001001
01000001011100100111001001110010011100101
01000010011010110110101101101011011010111
01000011110111011101110111011101110111011
01000100010110010101100101011001010110011
01000101111011111110111111101111111011111
01000110111101101111011011110110111101101
01000111010000000100000001000000010000001
01001000001111010011110100111101001111011
01001001100010111000101110001011100010111
01001010100100101001001010010010100100101
01001011001001000010010000100100001001001
01001100101000001010000010100000101000001
01001101000101100001011000010110000101101
01001110000011110000111100001111000011111
01001111101110011011100110111001101110011
01010000111101011111010111110101111101011
01010001010000110100001101000011010000111
01010010010110100101101001011010010110101
01010011111011001110110011101100111011001
01010100011010000110100001101000011010001
01010101110111101101111011011110110111101
01010110110001111100011111000111110001111
01010111011100010111000101110001011100011
01011000000011000000110000001100000011001
01011001101110101011101010111010101110101
01011010101000111010001110100011101000111
01011011000101010001010100010101000101011
01011100100100011001000110010001100100011
01011101001001110010011100100111001001111
01011110001111100011111000111110001111101
01011111100010001000100010001000100010001
01100000101001101010011010100110101001101
01100001000100000001000000010000000100001
01100010000010010000100100001001000010011
01100011101111111011111110111111101111111
01100100001110110011101100111011001110111
01100101100011011000110110001101100011011
01100110100101001001010010010100100101001
01100111001000100010001000100010001000101
01101000010111110101111101011111010111111
01101001111010011110100111101001111010011
01101010111100001111000011110000111100001
01101011010001100100011001000110010001101
01101100110000101100001011000010110000101
01101101011101000111010001110100011101001
01101110011011010110110101101101011011011
01101111110110111101101111011011110110111
01110000100101111001011110010111100101111
01110001001000010010000100100001001000011
01110010001110000011100000111000001110001
01110011100011101000111010001110100011101
01110100000010100000101000001010000010101
01110101101111001011110010111100101111001
01110110101001011010010110100101101001011
01110111000100110001001100010011000100111
01111000011011100110111001101110011011101
01111001110110001101100011011000110110001
01111010110000011100000111000001110000011
01111011011101110111011101110111011101111
01111100111100111111001111110011111100111
01111101010001010100010101000101010001011
01111110010111000101110001011100010111001
01111111111010101110101011101010111010101
10000000010010110100101101001011010010111
10000001111111011111110111111101111111011
10000010111001001110010011100100111001001
10000011010100100101001001010010010100101
10000100110101101101011011010110110101101
10000101011000000110000001100000011000001
10000110011110010111100101111001011110011
10000111110011111100111111001111110011111
10001000101100101011001010110010101100101
10001001000001000000010000000100000001001
10001010000111010001110100011101000111011
10001011101010111010101110101011101010111
10001100001011110010111100101111001011111
10001101100110011001100110011001100110011
10001110100000001000000010000000100000001
10001111001101100011011000110110001101101
10010000011110100111101001111010011110101
10010001110011001100110011001100110011001
10010010110101011101010111010101110101011
10010011011000110110001101100011011000111
10010100111001111110011111100111111001111
10010101010100010101000101010001010100011
10010110010010000100100001001000010010001
10010111111111101111111011111110111111101
10011000100000111000001110000011100000111
10011001001101010011010100110101001101011
10011010001011000010110000101100001011001
10011011100110101001101010011010100110101
10011100000111100001111000011110000111101
10011101101010001010100010101000101010001
10011110101100011011000110110001101100011
10011111000001110000011100000111000001111
10100000001010010010100100101001001010011
10100001100111111001111110011111100111111
10100010100001101000011010000110100001101
10100011001100000011000000110000001100001
10100100101101001011010010110100101101001
10100101000000100000001000000010000000101
10100110000110110001101100011011000110111
10100111101011011010110110101101101011011
10101000110100001101000011010000110100001
10101001011001100110011001100110011001101
10101010011111110111111101111111011111111
10101011110010011100100111001001110010011
10101100010011010100110101001101010011011
10101101111110111111101111111011111110111
10101110111000101110001011100010111000101
10101111010101000101010001010100010101001
10110000000110000001100000011000000110001
10110001101011101010111010101110101011101
10110010101101111011011110110111101101111
10110011000000010000000100000001000000011
10110100100001011000010110000101100001011
10110101001100110011001100110011001100111
10110110001010100010101000101010001010101
10110111100111001001110010011100100111001
10111000111000011110000111100001111000011
10111001010101110101011101010111010101111
10111010010011100100111001001110010011101
10111011111110001111100011111000111110001
10111100011111000111110001111100011111001
10111101110010101100101011001010110010101
10111110110100111101001111010011110100111
10111111011001010110010101100101011001011
11000000100011111000111110001111100011111
11000001001110010011100100111001001110011
11000010001000000010000000100000001000001
11000011100101101001011010010110100101101
11000100000100100001001000010010000100101
11000101101001001010010010100100101001001
11000110101111011011110110111101101111011
11000111000010110000101100001011000010111
11001000011101100111011001110110011101101
11001001110000001100000011000000110000001
11001010110110011101100111011001110110011
11001011011011110110111101101111011011111
11001100111010111110101111101011111010111
11001101010111010101110101011101010111011
11001110010001000100010001000100010001001
11001111111100101111001011110010111100101
11010000101111101011111010111110101111101
11010001000010000000100000001000000010001
11010010000100010001000100010001000100011
11010011101001111010011110100111101001111
11010100001000110010001100100011001000111
11010101100101011001010110010101100101011
11010110100011001000110010001100100011001
11010111001110100011101000111010001110101
11011000010001110100011101000111010001111
11011001111100011111000111110001111100011
11011010111010001110100011101000111010001
11011011010111100101111001011110010111101
11011100110110101101101011011010110110101
11011101011011000110110001101100011011001
11011110011101010111010101110101011101011
11011111110000111100001111000011110000111
11100000111011011110110111101101111011011
11100001010110110101101101011011010110111
11100010010000100100001001000010010000101
11100011111101001111010011110100111101001
11100100011100000111000001110000011100001
11100101110001101100011011000110110001101
11100110110111111101111111011111110111111
11100111011010010110100101101001011010011
11101000000101000001010000010100000101001
11101001101000101010001010100010101000101
11101010101110111011101110111011101110111
11101011000011010000110100001101000011011
11101100100010011000100110001001100010011
11101101001111110011111100111111001111111
11101110001001100010011000100110001001101
11101111100100001001000010010000100100001
11110000110111001101110011011100110111001
11110001011010100110101001101010011010101
11110010011100110111001101110011011100111
11110011110001011100010111000101110001011
11110100010000010100000101000001010000011
11110101111101111111011111110111111101111
11110110111011101110111011101110111011101
11110111010110000101100001011000010110001
11111000001001010010010100100101001001011
11111001100100111001001110010011100100111
11111010100010101000101010001010100010101
11111011001111000011110000111100001111001
11111100101110001011100010111000101110001
11111101000011100000111000001110000011101
11111110000101110001011100010111000101111
11111111101000011010000110100001101000011
.e