.i 17
.o 1
.ilb a0 a1 a2 a3 a4 a5 a6 a7 b0 b1 b2 b3 b4 b5 b6 b7 f0
.ob F
000000000000000001
000000000000000011
000000011000101101
000000010000000011
000000100111001101
000000100000000011
000000111111100001
000000110000000011
000001001110011001
000001000000000011
000001010110110101
000001010000000011
000001101001010101
000001100000000011
000001110001111001
000001110000000011
000010001010100101
000010000000000011
000010010010001001
000010010000000011
000010101101101001
000010100000000011
000010110101000101
000010110000000011
000011000100111101
000011000000000011
000011011100010001
000011010000000011
000011100011110001
000011100000000011
000011111011011101
000011110000000011
000100000011011101
000100000000000011
000100011011110001
000100010000000011
000100100100010001
000100100000000011
000100111100111101
000100110000000011
000101001101000101
000101000000000011
000101010101101001
000101010000000011
000101101010001001
000101100000000011
000101110010100101
000101110000000011
000110001001111001
000110000000000011
000110010001010101
000110010000000011
000110101110110101
000110100000000011
000110110110011001
000110110000000011
000111000111100001
000111000000000011
000111011111001101
000111010000000011
000111100000101101
000111100000000011
000111111000000001
000111110000000011
001000000110111001
001000000000000011
001000011110010101
001000010000000011
001000100001110101
001000100000000011
001000111001011001
001000110000000011
001001001000100001
001001000000000011
001001010000001101
001001010000000011
001001101111101101
001001100000000011
001001110111000001
001001110000000011
001010001100011101
001010000000000011
001010010100110001
001010010000000011
001010101011010001
001010100000000011
001010110011111101
001010110000000011
001011000010000101
001011000000000011
001011011010101001
001011010000000011
001011100101001001
001011100000000011
001011111101100101
001011110000000011
001100000101100101
001100000000000011
001100011101001001
001100010000000011
001100100010101001
001100100000000011
001100111010000101
001100110000000011
001101001011111101
001101000000000011
001101010011010001
001101010000000011
001101101100110001
001101100000000011
001101110100011101
001101110000000011
001110001111000001
001110000000000011
001110010111101101
001110010000000011
001110101000001101
001110100000000011
001110110000100001
001110110000000011
001111000001011001
001111000000000011
001111011001110101
001111010000000011
001111100110010101
001111100000000011
001111111110111001
001111110000000011
010000001101110001
010000000000000011
010000010101011101
010000010000000011
010000101010111101
010000100000000011
010000110010010001
010000110000000011
010001000011101001
010001000000000011
010001011011000101
010001010000000011
010001100100100101
010001100000000011
010001111100001001
010001110000000011
010010000111010101
010010000000000011
010010011111111001
010010010000000011
010010100000011001
010010100000000011
010010111000110101
010010110000000011
010011001001001101
010011000000000011
010011010001100001
010011010000000011
010011101110000001
010011100000000011
010011110110101101
010011110000000011
010100001110101101
010100000000000011
010100010110000001
010100010000000011
010100101001100001
010100100000000011
010100110001001101
010100110000000011
010101000000110101
010101000000000011
010101011000011001
010101010000000011
010101100111111001
010101100000000011
010101111111010101
010101110000000011
010110000100001001
010110000000000011
010110011100100101
010110010000000011
010110100011000101
010110100000000011
010110111011101001
010110110000000011
010111001010010001
010111000000000011
010111010010111101
010111010000000011
010111101101011101
010111100000000011
010111110101110001
010111110000000011
011000001011001001
011000000000000011
011000010011100101
011000010000000011
011000101100000101
011000100000000011
011000110100101001
011000110000000011
011001000101010001
011001000000000011
011001011101111101
011001010000000011
011001100010011101
011001100000000011
011001111010110001
011001110000000011
011010000001101101
011010000000000011
011010011001000001
011010010000000011
011010100110100001
011010100000000011
011010111110001101
011010110000000011
011011001111110101
011011000000000011
011011010111011001
011011010000000011
011011101000111001
011011100000000011
011011110000010101
011011110000000011
011100001000010101
011100000000000011
011100010000111001
011100010000000011
011100101111011001
011100100000000011
011100110111110101
011100110000000011
011101000110001101
011101000000000011
011101011110100001
011101010000000011
011101100001000001
011101100000000011
011101111001101101
011101110000000011
011110000010110001
011110000000000011
011110011010011101
011110010000000011
011110100101111101
011110100000000011
011110111101010001
011110110000000011
011111001100101001
011111000000000011
011111010100000101
011111010000000011
011111101011100101
011111100000000011
011111110011001001
011111110000000011
100000001101110101
100000000000000011
100000010101011001
100000010000000011
100000101010111001
100000100000000011
100000110010010101
100000110000000011
100001000011101101
100001000000000011
100001011011000001
100001010000000011
100001100100100001
100001100000000011
100001111100001101
100001110000000011
100010000111010001
100010000000000011
100010011111111101
100010010000000011
100010100000011101
100010100000000011
100010111000110001
100010110000000011
100011001001001001
100011000000000011
100011010001100101
100011010000000011
100011101110000101
100011100000000011
100011110110101001
100011110000000011
100100001110101001
100100000000000011
100100010110000101
100100010000000011
100100101001100101
100100100000000011
100100110001001001
100100110000000011
100101000000110001
100101000000000011
100101011000011101
100101010000000011
100101100111111101
100101100000000011
100101111111010001
100101110000000011
100110000100001101
100110000000000011
100110011100100001
100110010000000011
100110100011000001
100110100000000011
100110111011101101
100110110000000011
100111001010010101
100111000000000011
100111010010111001
100111010000000011
100111101101011001
100111100000000011
100111110101110101
100111110000000011
101000001011001101
101000000000000011
101000010011100001
101000010000000011
101000101100000001
101000100000000011
101000110100101101
101000110000000011
101001000101010101
101001000000000011
101001011101111001
101001010000000011
101001100010011001
101001100000000011
101001111010110101
101001110000000011
101010000001101001
101010000000000011
101010011001000101
101010010000000011
101010100110100101
101010100000000011
101010111110001001
101010110000000011
101011001111110001
101011000000000011
101011010111011101
101011010000000011
101011101000111101
101011100000000011
101011110000010001
101011110000000011
101100001000010001
101100000000000011
101100010000111101
101100010000000011
101100101111011101
101100100000000011
101100110111110001
101100110000000011
101101000110001001
101101000000000011
101101011110100101
101101010000000011
101101100001000101
101101100000000011
101101111001101001
101101110000000011
101110000010110101
101110000000000011
101110011010011001
101110010000000011
101110100101111001
101110100000000011
101110111101010101
101110110000000011
101111001100101101
101111000000000011
101111010100000001
101111010000000011
101111101011100001
101111100000000011
101111110011001101
101111110000000011
110000000000000101
110000000000000011
110000011000101001
110000010000000011
110000100111001001
110000100000000011
110000111111100101
110000110000000011
110001001110011101
110001000000000011
110001010110110001
110001010000000011
110001101001010001
110001100000000011
110001110001111101
110001110000000011
110010001010100001
110010000000000011
110010010010001101
110010010000000011
110010101101101101
110010100000000011
110010110101000001
110010110000000011
110011000100111001
110011000000000011
110011011100010101
110011010000000011
110011100011110101
110011100000000011
110011111011011001
110011110000000011
110100000011011001
110100000000000011
110100011011110101
110100010000000011
110100100100010101
110100100000000011
110100111100111001
110100110000000011
110101001101000001
110101000000000011
110101010101101101
110101010000000011
110101101010001101
110101100000000011
110101110010100001
110101110000000011
110110001001111101
110110000000000011
110110010001010001
110110010000000011
110110101110110001
110110100000000011
110110110110011101
110110110000000011
110111000111100101
110111000000000011
110111011111001001
110111010000000011
110111100000101001
110111100000000011
110111111000000101
110111110000000011
111000000110111101
111000000000000011
111000011110010001
111000010000000011
111000100001110001
111000100000000011
111000111001011101
111000110000000011
111001001000100101
111001000000000011
111001010000001001
111001010000000011
111001101111101001
111001100000000011
111001110111000101
111001110000000011
111010001100011001
111010000000000011
111010010100110101
111010010000000011
111010101011010101
111010100000000011
111010110011111001
111010110000000011
111011000010000001
111011000000000011
111011011010101101
111011010000000011
111011100101001101
111011100000000011
111011111101100001
111011110000000011
111100000101100001
111100000000000011
111100011101001101
111100010000000011
111100100010101101
111100100000000011
111100111010000001
111100110000000011
111101001011111001
111101000000000011
111101010011010101
111101010000000011
111101101100110101
111101100000000011
111101110100011001
111101110000000011
111110001111000101
111110000000000011
111110010111101001
111110010000000011
111110101000001001
111110100000000011
111110110000100101
111110110000000011
111111000001011101
111111000000000011
111111011001110001
111111010000000011
111111100110010001
111111100000000011
111111111110111101
111111110000000011
.e