.i 10
.o 1
.ilb a0 a1 a2 a3 a4 a5 a6 b0 b1 b2
.ob F
00000000001
00000010011
00000100011
00000110101
00001000011
00001010101
00001100101
00001110111
00010000011
00010010101
00010100101
00010110111
00011000101
00011010111
00011100111
00011111001
00100000011
00100010101
00100100101
00100110111
00101000101
00101010111
00101100111
00101111001
00110000101
00110010111
00110100111
00110111001
00111000111
00111011001
00111101001
00111111011
01000000011
01000010101
01000100101
01000110111
01001000101
01001010111
01001100111
01001111001
01010000101
01010010111
01010100111
01010111001
01011000111
01011011001
01011101001
01011111011
01100000101
01100010111
01100100111
01100111001
01101000111
01101011001
01101101001
01101111011
01110000111
01110011001
01110101001
01110111011
01111001001
01111011011
01111101011
01111111101
10000000011
10000010101
10000100101
10000110111
10001000101
10001010111
10001100111
10001111001
10010000101
10010010111
10010100111
10010111001
10011000111
10011011001
10011101001
10011111011
10100000101
10100010111
10100100111
10100111001
10101000111
10101011001
10101101001
10101111011
10110000111
10110011001
10110101001
10110111011
10111001001
10111011011
10111101011
10111111101
11000000101
11000010111
11000100111
11000111001
11001000111
11001011001
11001101001
11001111011
11010000111
11010011001
11010101001
11010111011
11011001001
11011011011
11011101011
11011111101
11100000111
11100011001
11100101001
11100111011
11101001001
11101011011
11101101011
11101111101
11110001001
11110011011
11110101011
11110111101
11111001011
11111011101
11111101101
11111111111
.e