.i 16
.o 1
.ilb a0 a1 a2 a3 a4 a5 a6 a7 b0 b1 b2 b3 b4 b5 b6 b7
.ob F
00000000000000001
00000001000000101
00000010000001001
00000011000001101
00000100000010001
00000101000010101
00000110000011001
00000111000011101
00001000000100001
00001001000100101
00001010000101001
00001011000101101
00001100000110001
00001101000110101
00001110000111001
00001111000111101
00010000001000001
00010001001000101
00010010001001001
00010011001001101
00010100001010001
00010101001010101
00010110001011001
00010111001011101
00011000001100001
00011001001100101
00011010001101001
00011011001101101
00011100001110001
00011101001110101
00011110001111001
00011111001111101
00100000010000001
00100001010000101
00100010010001001
00100011010001101
00100100010010001
00100101010010101
00100110010011001
00100111010011101
00101000010100001
00101001010100101
00101010010101001
00101011010101101
00101100010110001
00101101010110101
00101110010111001
00101111010111101
00110000011000001
00110001011000101
00110010011001001
00110011011001101
00110100011010001
00110101011010101
00110110011011001
00110111011011101
00111000011100001
00111001011100101
00111010011101001
00111011011101101
00111100011110001
00111101011110101
00111110011111001
00111111011111101
01000000100000001
01000001100000101
01000010100001001
01000011100001101
01000100100010001
01000101100010101
01000110100011001
01000111100011101
01001000100100001
01001001100100101
01001010100101001
01001011100101101
01001100100110001
01001101100110101
01001110100111001
01001111100111101
01010000101000001
01010001101000101
01010010101001001
01010011101001101
01010100101010001
01010101101010101
01010110101011001
01010111101011101
01011000101100001
01011001101100101
01011010101101001
01011011101101101
01011100101110001
01011101101110101
01011110101111001
01011111101111101
01100000110000001
01100001110000101
01100010110001001
01100011110001101
01100100110010001
01100101110010101
01100110110011001
01100111110011101
01101000110100001
01101001110100101
01101010110101001
01101011110101101
01101100110110001
01101101110110101
01101110110111001
01101111110111101
01110000111000001
01110001111000101
01110010111001001
01110011111001101
01110100111010001
01110101111010101
01110110111011001
01110111111011101
01111000111100001
01111001111100101
01111010111101001
01111011111101101
01111100111110001
01111101111110101
01111110111111001
01111111111111101
10000000000110111
10000001000110011
10000010000111111
10000011000111011
10000100000100111
10000101000100011
10000110000101111
10000111000101011
10001000000010111
10001001000010011
10001010000011111
10001011000011011
10001100000000111
10001101000000011
10001110000001111
10001111000001011
10010000001110111
10010001001110011
10010010001111111
10010011001111011
10010100001100111
10010101001100011
10010110001101111
10010111001101011
10011000001010111
10011001001010011
10011010001011111
10011011001011011
10011100001000111
10011101001000011
10011110001001111
10011111001001011
10100000010110111
10100001010110011
10100010010111111
10100011010111011
10100100010100111
10100101010100011
10100110010101111
10100111010101011
10101000010010111
10101001010010011
10101010010011111
10101011010011011
10101100010000111
10101101010000011
10101110010001111
10101111010001011
10110000011110111
10110001011110011
10110010011111111
10110011011111011
10110100011100111
10110101011100011
10110110011101111
10110111011101011
10111000011010111
10111001011010011
10111010011011111
10111011011011011
10111100011000111
10111101011000011
10111110011001111
10111111011001011
11000000100110111
11000001100110011
11000010100111111
11000011100111011
11000100100100111
11000101100100011
11000110100101111
11000111100101011
11001000100010111
11001001100010011
11001010100011111
11001011100011011
11001100100000111
11001101100000011
11001110100001111
11001111100001011
11010000101110111
11010001101110011
11010010101111111
11010011101111011
11010100101100111
11010101101100011
11010110101101111
11010111101101011
11011000101010111
11011001101010011
11011010101011111
11011011101011011
11011100101000111
11011101101000011
11011110101001111
11011111101001011
11100000110110111
11100001110110011
11100010110111111
11100011110111011
11100100110100111
11100101110100011
11100110110101111
11100111110101011
11101000110010111
11101001110010011
11101010110011111
11101011110011011
11101100110000111
11101101110000011
11101110110001111
11101111110001011
11110000111110111
11110001111110011
11110010111111111
11110011111111011
11110100111100111
11110101111100011
11110110111101111
11110111111101011
11111000111010111
11111001111010011
11111010111011111
11111011111011011
11111100111000111
11111101111000011
11111110111001111
11111111111001011
.e