.i 12
.o 1
.ilb a0 a1 a2 a3 a4 a5 a6 a7 b0 b1 b2 b3
.ob F
0000000000001
0000000100111
0000001001101
0000001101011
0000010011001
0000010111111
0000011010101
0000011110011
0000100010011
0000100110101
0000101011111
0000101111001
0000110001011
0000110101101
0000111000111
0000111100001
0001000011101
0001000111011
0001001010001
0001001110111
0001010000101
0001010100011
0001011001001
0001011101111
0001100001111
0001100101001
0001101000011
0001101100101
0001110010111
0001110110001
0001111011011
0001111111101
0010000011011
0010000111101
0010001010111
0010001110001
0010010000011
0010010100101
0010011001111
0010011101001
0010100001001
0010100101111
0010101000101
0010101100011
0010110010001
0010110110111
0010111011101
0010111111011
0011000000111
0011000100001
0011001001011
0011001101101
0011010011111
0011010111001
0011011010011
0011011110101
0011100010101
0011100110011
0011101011001
0011101111111
0011110001101
0011110101011
0011111000001
0011111100111
0100000010111
0100000110001
0100001011011
0100001111101
0100010001111
0100010101001
0100011000011
0100011100101
0100100000101
0100100100011
0100101001001
0100101101111
0100110011101
0100110111011
0100111010001
0100111110111
0101000001011
0101000101101
0101001000111
0101001100001
0101010010011
0101010110101
0101011011111
0101011111001
0101100011001
0101100111111
0101101010101
0101101110011
0101110000001
0101110100111
0101111001101
0101111101011
0110000001101
0110000101011
0110001000001
0110001100111
0110010010101
0110010110011
0110011011001
0110011111111
0110100011111
0110100111001
0110101010011
0110101110101
0110110000111
0110110100001
0110111001011
0110111101101
0111000010001
0111000110111
0111001011101
0111001111011
0111010001001
0111010101111
0111011000101
0111011100011
0111100000011
0111100100101
0111101001111
0111101101001
0111110011011
0111110111101
0111111010111
0111111110001
1000000001111
1000000101001
1000001000011
1000001100101
1000010010111
1000010110001
1000011011011
1000011111101
1000100011101
1000100111011
1000101010001
1000101110111
1000110000101
1000110100011
1000111001001
1000111101111
1001000010011
1001000110101
1001001011111
1001001111001
1001010001011
1001010101101
1001011000111
1001011100001
1001100000001
1001100100111
1001101001101
1001101101011
1001110011001
1001110111111
1001111010101
1001111110011
1010000010101
1010000110011
1010001011001
1010001111111
1010010001101
1010010101011
1010011000001
1010011100111
1010100000111
1010100100001
1010101001011
1010101101101
1010110011111
1010110111001
1010111010011
1010111110101
1011000001001
1011000101111
1011001000101
1011001100011
1011010010001
1011010110111
1011011011101
1011011111011
1011100011011
1011100111101
1011101010111
1011101110001
1011110000011
1011110100101
1011111001111
1011111101001
1100000011001
1100000111111
1100001010101
1100001110011
1100010000001
1100010100111
1100011001101
1100011101011
1100100001011
1100100101101
1100101000111
1100101100001
1100110010011
1100110110101
1100111011111
1100111111001
1101000000101
1101000100011
1101001001001
1101001101111
1101010011101
1101010111011
1101011010001
1101011110111
1101100010111
1101100110001
1101101011011
1101101111101
1101110001111
1101110101001
1101111000011
1101111100101
1110000000011
1110000100101
1110001001111
1110001101001
1110010011011
1110010111101
1110011010111
1110011110001
1110100010001
1110100110111
1110101011101
1110101111011
1110110001001
1110110101111
1110111000101
1110111100011
1111000011111
1111000111001
1111001010011
1111001110101
1111010000111
1111010100001
1111011001011
1111011101101
1111100001101
1111100101011
1111101000001
1111101100111
1111110010101
1111110110011
1111111011001
1111111111111
.e