.i 16
.o 1
.ilb a0 a1 a2 a3 a4 a5 a6 a7 b0 b1 b2 b3 b4 b5 b6 b7
.ob F
00000000000000001
00000001000000111
00000010000001101
00000011000001011
00000100000011001
00000101000011111
00000110000010101
00000111000010011
00001000000110001
00001001000110111
00001010000111101
00001011000111011
00001100000101001
00001101000101111
00001110000100101
00001111000100011
00010000001100001
00010001001100111
00010010001101101
00010011001101011
00010100001111001
00010101001111111
00010110001110101
00010111001110011
00011000001010001
00011001001010111
00011010001011101
00011011001011011
00011100001001001
00011101001001111
00011110001000101
00011111001000011
00100000011000001
00100001011000111
00100010011001101
00100011011001011
00100100011011001
00100101011011111
00100110011010101
00100111011010011
00101000011110001
00101001011110111
00101010011111101
00101011011111011
00101100011101001
00101101011101111
00101110011100101
00101111011100011
00110000010100001
00110001010100111
00110010010101101
00110011010101011
00110100010111001
00110101010111111
00110110010110101
00110111010110011
00111000010010001
00111001010010111
00111010010011101
00111011010011011
00111100010001001
00111101010001111
00111110010000101
00111111010000011
01000000110000001
01000001110000111
01000010110001101
01000011110001011
01000100110011001
01000101110011111
01000110110010101
01000111110010011
01001000110110001
01001001110110111
01001010110111101
01001011110111011
01001100110101001
01001101110101111
01001110110100101
01001111110100011
01010000111100001
01010001111100111
01010010111101101
01010011111101011
01010100111111001
01010101111111111
01010110111110101
01010111111110011
01011000111010001
01011001111010111
01011010111011101
01011011111011011
01011100111001001
01011101111001111
01011110111000101
01011111111000011
01100000101000001
01100001101000111
01100010101001101
01100011101001011
01100100101011001
01100101101011111
01100110101010101
01100111101010011
01101000101110001
01101001101110111
01101010101111101
01101011101111011
01101100101101001
01101101101101111
01101110101100101
01101111101100011
01110000100100001
01110001100100111
01110010100101101
01110011100101011
01110100100111001
01110101100111111
01110110100110101
01110111100110011
01111000100010001
01111001100010111
01111010100011101
01111011100011011
01111100100001001
01111101100001111
01111110100000101
01111111100000011
10000000111010011
10000001111010101
10000010111011111
10000011111011001
10000100111001011
10000101111001101
10000110111000111
10000111111000001
10001000111100011
10001001111100101
10001010111101111
10001011111101001
10001100111111011
10001101111111101
10001110111110111
10001111111110001
10010000110110011
10010001110110101
10010010110111111
10010011110111001
10010100110101011
10010101110101101
10010110110100111
10010111110100001
10011000110000011
10011001110000101
10011010110001111
10011011110001001
10011100110011011
10011101110011101
10011110110010111
10011111110010001
10100000100010011
10100001100010101
10100010100011111
10100011100011001
10100100100001011
10100101100001101
10100110100000111
10100111100000001
10101000100100011
10101001100100101
10101010100101111
10101011100101001
10101100100111011
10101101100111101
10101110100110111
10101111100110001
10110000101110011
10110001101110101
10110010101111111
10110011101111001
10110100101101011
10110101101101101
10110110101100111
10110111101100001
10111000101000011
10111001101000101
10111010101001111
10111011101001001
10111100101011011
10111101101011101
10111110101010111
10111111101010001
11000000001010011
11000001001010101
11000010001011111
11000011001011001
11000100001001011
11000101001001101
11000110001000111
11000111001000001
11001000001100011
11001001001100101
11001010001101111
11001011001101001
11001100001111011
11001101001111101
11001110001110111
11001111001110001
11010000000110011
11010001000110101
11010010000111111
11010011000111001
11010100000101011
11010101000101101
11010110000100111
11010111000100001
11011000000000011
11011001000000101
11011010000001111
11011011000001001
11011100000011011
11011101000011101
11011110000010111
11011111000010001
11100000010010011
11100001010010101
11100010010011111
11100011010011001
11100100010001011
11100101010001101
11100110010000111
11100111010000001
11101000010100011
11101001010100101
11101010010101111
11101011010101001
11101100010111011
11101101010111101
11101110010110111
11101111010110001
11110000011110011
11110001011110101
11110010011111111
11110011011111001
11110100011101011
11110101011101101
11110110011100111
11110111011100001
11111000011000011
11111001011000101
11111010011001111
11111011011001001
11111100011011011
11111101011011101
11111110011010111
11111111011010001
.e