.i 14
.o 1
.ilb a0 a1 a2 a3 b0 b1 b2 b3 c0 c1 c2 c3 c4 c5
.ob F
000000000000001
000000010000011
000000100000101
000000110101001
000001000001001
000001010110001
000001100100001
000001110100011
000010000010001
000010010100001
000010100000011
000010110100101
000011000000101
000011010101001
000011100110001
000011111100001
000100000001001
000100010110001
000100100100001
000100110100011
000101000000011
000101010100101
000101100101001
000101111110001
000110000000101
000110010101001
000110100110001
000110111100001
000111000100001
000111010100011
000111100100101
000111111101001
001000000001001
001000010110001
001000100100001
001000110100011
001001000000011
001001010100101
001001100101001
001001111110001
001010000000101
001010010101001
001010100110001
001010111100001
001011000100001
001011010100011
001011100100101
001011111101001
001100000000011
001100010100101
001100100101001
001100111110001
001101000110001
001101011100001
001101100100011
001101111100101
001110000100001
001110010100011
001110100100101
001110111101001
001111000101001
001111011110001
001111101100001
001111111100011
010000000001001
010000010110001
010000100100001
010000110100011
010001000000011
010001010100101
010001100101001
010001111110001
010010000000101
010010010101001
010010100110001
010010111100001
010011000100001
010011010100011
010011100100101
010011111101001
010100000000011
010100010100101
010100100101001
010100111110001
010101000110001
010101011100001
010101100100011
010101111100101
010110000100001
010110010100011
010110100100101
010110111101001
010111000101001
010111011110001
010111101100001
010111111100011
011000000000011
011000010100101
011000100101001
011000111110001
011001000110001
011001011100001
011001100100011
011001111100101
011010000100001
011010010100011
011010100100101
011010111101001
011011000101001
011011011110001
011011101100001
011011111100011
011100000110001
011100011100001
011100100100011
011100111100101
011101000100101
011101011101001
011101101110001
011101111100001
011110000101001
011110011110001
011110101100001
011110111100011
011111000100011
011111011100101
011111101101001
011111111110001
100000000001001
100000010110001
100000100100001
100000110100011
100001000000011
100001010100101
100001100101001
100001111110001
100010000000101
100010010101001
100010100110001
100010111100001
100011000100001
100011010100011
100011100100101
100011111101001
100100000000011
100100010100101
100100100101001
100100111110001
100101000110001
100101011100001
100101100100011
100101111100101
100110000100001
100110010100011
100110100100101
100110111101001
100111000101001
100111011110001
100111101100001
100111111100011
101000000000011
101000010100101
101000100101001
101000111110001
101001000110001
101001011100001
101001100100011
101001111100101
101010000100001
101010010100011
101010100100101
101010111101001
101011000101001
101011011110001
101011101100001
101011111100011
101100000110001
101100011100001
101100100100011
101100111100101
101101000100101
101101011101001
101101101110001
101101111100001
101110000101001
101110011110001
101110101100001
101110111100011
101111000100011
101111011100101
101111101101001
101111111110001
110000000000011
110000010100101
110000100101001
110000111110001
110001000110001
110001011100001
110001100100011
110001111100101
110010000100001
110010010100011
110010100100101
110010111101001
110011000101001
110011011110001
110011101100001
110011111100011
110100000110001
110100011100001
110100100100011
110100111100101
110101000100101
110101011101001
110101101110001
110101111100001
110110000101001
110110011110001
110110101100001
110110111100011
110111000100011
110111011100101
110111101101001
110111111110001
111000000110001
111000011100001
111000100100011
111000111100101
111001000100101
111001011101001
111001101110001
111001111100001
111010000101001
111010011110001
111010101100001
111010111100011
111011000100011
111011011100101
111011101101001
111011111110001
111100000100101
111100011101001
111100101110001
111100111100001
111101001100001
111101011100011
111101101100101
111101111101001
111110000100011
111110011100101
111110101101001
111110111110001
111111001110001
111111011100001
111111101100011
111111111100101
.e