.i 9
.o 1
.ilb a0 a1 a2 a3 a4 a5 a6 a7 f0
.ob F
0000000001
0000000111
0000001011
0000001111
0000010011
0000010111
0000011011
0000011111
0000100011
0000100111
0000101011
0000101111
0000110011
0000110111
0000111011
0000111111
0001000011
0001000111
0001001011
0001001111
0001010011
0001010111
0001011011
0001011111
0001100011
0001100111
0001101011
0001101111
0001110011
0001110111
0001111011
0001111111
0010000011
0010000111
0010001011
0010001111
0010010011
0010010111
0010011011
0010011111
0010100011
0010100111
0010101011
0010101111
0010110011
0010110111
0010111011
0010111111
0011000011
0011000111
0011001011
0011001111
0011010011
0011010111
0011011011
0011011111
0011100011
0011100111
0011101011
0011101111
0011110011
0011110111
0011111011
0011111111
0100000011
0100000111
0100001011
0100001111
0100010011
0100010111
0100011011
0100011111
0100100011
0100100111
0100101011
0100101111
0100110011
0100110111
0100111011
0100111111
0101000011
0101000111
0101001011
0101001111
0101010011
0101010111
0101011011
0101011111
0101100011
0101100111
0101101011
0101101111
0101110011
0101110111
0101111011
0101111111
0110000011
0110000111
0110001011
0110001111
0110010011
0110010111
0110011011
0110011111
0110100011
0110100111
0110101011
0110101111
0110110011
0110110111
0110111011
0110111111
0111000011
0111000111
0111001011
0111001111
0111010011
0111010111
0111011011
0111011111
0111100011
0111100111
0111101011
0111101111
0111110011
0111110111
0111111011
0111111111
1000000011
1000000111
1000001011
1000001111
1000010011
1000010111
1000011011
1000011111
1000100011
1000100111
1000101011
1000101111
1000110011
1000110111
1000111011
1000111111
1001000011
1001000111
1001001011
1001001111
1001010011
1001010111
1001011011
1001011111
1001100011
1001100111
1001101011
1001101111
1001110011
1001110111
1001111011
1001111111
1010000011
1010000111
1010001011
1010001111
1010010011
1010010111
1010011011
1010011111
1010100011
1010100111
1010101011
1010101111
1010110011
1010110111
1010111011
1010111111
1011000011
1011000111
1011001011
1011001111
1011010011
1011010111
1011011011
1011011111
1011100011
1011100111
1011101011
1011101111
1011110011
1011110111
1011111011
1011111111
1100000011
1100000111
1100001011
1100001111
1100010011
1100010111
1100011011
1100011111
1100100011
1100100111
1100101011
1100101111
1100110011
1100110111
1100111011
1100111111
1101000011
1101000111
1101001011
1101001111
1101010011
1101010111
1101011011
1101011111
1101100011
1101100111
1101101011
1101101111
1101110011
1101110111
1101111011
1101111111
1110000011
1110000111
1110001011
1110001111
1110010011
1110010111
1110011011
1110011111
1110100011
1110100111
1110101011
1110101111
1110110011
1110110111
1110111011
1110111111
1111000011
1111000111
1111001011
1111001111
1111010011
1111010111
1111011011
1111011111
1111100011
1111100111
1111101011
1111101111
1111110011
1111110111
1111111011
1111111111
.e